1686 1517 1695 1511 1711 1535 1700 1541 large-vehicle 1
1753 428 1745 417 1785 391 1792 402 large-vehicle 0
339 85 334 89 326 79 331 74 small-vehicle 1
347 77 340 81 330 67 337 62 small-vehicle 1
366 68 358 72 347 56 355 50 small-vehicle 1
386 56 376 63 365 47 374 41 small-vehicle 1
223 122 216 113 228 106 234 114 small-vehicle 1
167 102 158 107 147 89 156 82 small-vehicle 1
218 89 224 84 236 101 227 106 small-vehicle 1
280 131 272 136 264 121 270 116 small-vehicle 1
311 128 303 132 292 118 299 114 small-vehicle 1
266 81 258 85 247 69 254 62 small-vehicle 1
276 76 267 81 260 65 268 60 small-vehicle 1
285 70 276 74 268 58 276 54 small-vehicle 1
300 59 292 64 283 49 290 44 small-vehicle 1
309 55 301 59 294 44 301 40 small-vehicle 1
326 42 319 47 308 31 316 26 small-vehicle 1
1054 977 1166 914 1242 1034 1134 1096 plane 0
1299 800 1412 740 1497 887 1382 948 plane 0
1555 680 1659 610 1745 738 1632 801 plane 0
1794 532 1907 468 1981 592 1868 659 plane 0
2211 319 2316 252 2395 374 2298 442 plane 0
2042 473 2151 398 2238 525 2133 592 plane 0
126 1450 203 1562 74 1648 7 1536 plane 0
850 1154 954 1087 1027 1205 922 1268 plane 0
692 1249 796 1181 868 1299 762 1364 plane 0
288 1495 395 1432 468 1555 359 1616 plane 0
259 192 254 183 270 174 274 182 small-vehicle 1
268 206 264 199 281 187 286 196 small-vehicle 1
279 225 272 216 288 206 294 213 small-vehicle 1
627 857 639 850 665 891 654 899 large-vehicle 0
490 516 495 525 475 537 469 527 small-vehicle 1
605 740 599 732 613 719 620 727 small-vehicle 1
633 688 622 693 611 672 621 666 large-vehicle 1
483 486 488 496 457 514 451 504 large-vehicle 1
553 651 546 643 559 632 565 639 small-vehicle 1
555 666 547 658 565 646 570 655 small-vehicle 1
161 1416 171 1408 201 1452 190 1458 large-vehicle 0
200 1461 212 1455 240 1500 230 1507 large-vehicle 0
372 1357 364 1341 411 1316 418 1331 large-vehicle 0
336 1250 333 1264 284 1252 285 1237 large-vehicle 0
324 847 333 860 286 887 278 876 large-vehicle 0
318 797 329 789 358 829 346 837 large-vehicle 0
305 231 309 240 293 247 288 240 small-vehicle 1
431 31 426 35 414 20 420 13 small-vehicle 1
395 29 401 22 411 40 405 44 small-vehicle 1
412 338 404 339 401 319 407 318 small-vehicle 1
367 341 371 349 360 357 355 349 small-vehicle 1
362 333 366 341 352 349 347 343 small-vehicle 1
346 331 339 324 350 315 356 323 small-vehicle 1
336 318 329 311 342 299 348 308 small-vehicle 1
324 299 318 292 330 284 334 292 small-vehicle 1
309 274 305 266 316 258 323 267 small-vehicle 1
311 249 316 258 303 264 298 258 small-vehicle 1
297 223 303 230 288 239 284 232 small-vehicle 1
550 1332 668 1263 742 1386 623 1457 plane 0
