284 336 465 336 465 615 284 615 person 0
530 203 639 203 639 298 530 298 person 0
366 433 495 433 495 474 366 474 tennis-racket 0
78 235 131 235 131 257 78 257 chair 0
134 232 190 232 190 257 134 257 chair 0
250 231 308 231 308 257 250 257 chair 0
302 308 372 308 372 336 302 336 chair 0
167 259 229 259 229 289 167 289 chair 0
110 257 171 257 171 283 110 283 chair 0
49 261 107 261 107 285 49 285 chair 0
17 236 76 236 76 258 17 258 chair 0
507 304 583 304 583 351 507 351 chair 0
401 279 465 279 465 301 401 301 chair 0
374 308 437 308 437 335 374 335 chair 0
288 229 369 229 369 306 288 306 chair 0
188 233 248 233 248 275 188 275 chair 0