539 357 543 357 543 436 539 436 baseball-bat 0
567 548 576 548 576 568 567 568 baseball-glove 0
77 286 84 286 84 313 77 313 baseball-glove 0
280 73 285 73 285 88 280 88 baseball-glove 0
373 74 390 74 390 156 373 156 person 0
271 54 298 54 298 163 271 163 person 0
210 66 232 66 232 157 210 157 person 0
75 232 94 232 94 373 75 373 person 0
531 399 560 399 560 561 531 561 person 0
568 470 595 470 595 581 568 581 person 0
593 454 620 454 620 592 593 592 person 0
556 70 570 70 570 100 556 100 person 0
545 62 555 62 555 138 545 138 person 0
597 25 606 25 606 54 597 54 person 0
265 19 283 19 283 98 265 98 person 0
568 85 580 85 580 156 568 156 person 0
581 94 588 94 588 164 581 164 person 0