597 441 611 441 611 451 597 451 sports-ball 0
254 366 367 366 367 607 254 607 person 0
107 452 237 452 237 618 107 618 person 0
26 403 128 403 128 618 26 618 person 0
76 287 105 287 105 354 76 354 person 0
248 278 277 278 277 353 248 353 person 0
193 314 223 314 223 356 193 356 person 0
149 290 180 290 180 353 149 353 person 0
1 331 34 331 34 448 1 448 person 0
545 318 567 318 567 349 545 349 person 0
223 451 276 451 276 463 223 463 baseball-bat 0
219 486 239 486 239 533 219 533 baseball-glove 0
21 356 64 356 64 444 21 444 person 0
174 321 193 321 193 358 174 358 person 0
19 292 45 292 45 361 19 361 person 0
513 304 529 304 529 349 513 349 person 0