89 263 113 263 113 307 89 307 traffic-light 0
51 266 76 266 76 298 51 298 traffic-light 0
177 483 227 483 227 557 177 557 backpack 0
249 371 454 371 454 535 249 535 truck 0
509 406 640 406 640 491 509 491 truck 0
139 461 212 461 212 639 139 639 person 0
237 435 265 435 265 542 237 542 person 0
212 444 234 444 234 524 212 524 person 0
265 441 281 441 281 538 265 538 person 0
288 449 321 449 321 552 288 552 person 0
571 438 586 438 586 494 571 494 person 0
126 434 136 434 136 483 126 483 person 0
317 446 337 446 337 546 317 546 person 0
78 436 98 436 98 500 78 500 person 0
138 435 154 435 154 485 138 485 person 0
226 436 241 436 241 529 226 529 person 0
228 395 239 395 239 410 228 410 traffic-light 0
28 404 34 404 34 413 28 413 traffic-light 0
29 369 35 369 35 385 29 385 traffic-light 0
209 454 220 454 220 481 209 481 backpack 0
307 480 320 480 320 499 307 499 handbag 0
191 441 212 441 212 494 191 494 person 0
520 432 639 432 639 639 520 639 truck 0
56 402 197 402 197 482 56 482 truck 0
474 427 499 427 499 446 474 446 truck 0
90 238 105 238 105 258 90 258 traffic-light 0
93 460 99 460 99 476 93 476 handbag 0
537 439 551 439 551 492 537 492 person 0
302 348 309 348 309 367 302 367 traffic-light 0
296 349 302 349 302 365 296 365 traffic-light 0
56 399 61 399 61 405 56 405 traffic-light 0
209 455 220 455 220 494 209 494 handbag 0
473 454 479 454 479 461 473 461 handbag 0