173 551 183 551 183 566 173 566 car 0
611 466 621 466 621 483 611 483 car 0
163 594 178 594 178 609 163 609 car 0
218 496 228 496 228 511 218 511 car 0
157 283 457 283 457 408 157 408 aeroplane 0
88 542 110 542 110 580 88 580 truck 0
254 221 256 221 256 224 254 224 traffic-light 0
72 609 85 609 85 624 72 624 car 0
94 590 107 590 107 606 94 606 car 0
132 561 140 561 140 574 132 574 car 0
122 549 132 549 132 564 122 564 car 0
195 554 204 554 204 569 195 569 car 0
312 301 317 301 317 310 312 310 car 0
53 289 60 289 60 298 53 298 car 0
218 526 229 526 229 545 218 545 car 0
417 307 440 307 440 322 417 322 bus 0
330 290 341 290 341 311 330 311 truck 0
292 275 298 275 298 281 292 281 car 0
453 581 466 581 466 611 453 611 bus 0
94 590 106 590 106 607 94 607 truck 0