142 382 383 382 383 445 142 445 chair 0
17 578 128 578 128 640 17 640 chair 0
6 32 240 32 240 487 6 487 person 0
108 459 188 459 188 520 108 520 cup 0
534 160 568 160 568 179 534 179 cup 0
391 364 463 364 463 451 391 451 knife 0
219 424 619 424 619 574 219 574 cake 0
525 100 639 100 639 429 525 429 person 0
30 393 639 393 639 639 30 639 diningtable 0
228 45 529 45 529 432 228 432 person 0
435 95 475 95 475 122 435 122 cup 0
533 68 569 68 569 90 533 90 cup 0
529 98 566 98 566 123 529 123 cup 0
584 97 611 97 611 120 584 120 cup 0
302 140 333 140 333 162 302 162 cup 0
271 137 308 137 308 162 271 162 cup 0
269 107 300 107 300 133 269 133 cup 0
217 139 246 139 246 161 217 161 cup 0