277 238 339 238 339 288 277 288 sports-ball 0
220 108 527 108 527 380 220 380 person 0
210 81 282 81 282 191 210 191 person 0
86 198 162 198 162 234 86 234 person 0
181 149 234 149 234 231 181 231 person 0
361 72 410 72 410 154 361 154 person 0
566 139 625 139 625 238 566 238 person 0
380 122 483 122 483 360 380 360 person 0
483 138 533 138 533 236 483 236 person 0
108 137 147 137 147 203 108 203 person 0
87 138 112 138 112 202 87 202 person 0
285 120 312 120 312 150 285 150 person 0
0 138 26 138 26 232 0 232 person 0