139 178 238 178 238 285 139 285 chair 0
244 183 328 183 328 342 244 342 chair 0
295 491 486 491 486 639 295 639 fork 0
274 480 292 480 292 639 274 639 knife 0
137 523 475 523 475 632 137 632 pizza 0
119 100 263 100 263 201 119 201 diningtable 0
208 0 639 0 639 635 208 635 person 0
1 171 252 171 252 547 1 547 person 0
249 1 377 1 377 184 249 184 person 0
197 0 266 0 266 126 197 126 person 0
141 3 222 3 222 117 141 117 person 0
0 0 130 0 130 232 0 232 person 0
131 0 162 0 162 75 131 75 person 0
407 2 442 2 442 114 407 114 person 0
184 106 203 106 203 130 184 130 cup 0
0 179 45 179 45 405 0 405 chair 0
414 105 437 105 437 122 414 122 chair 0
585 133 639 133 639 183 585 183 diningtable 0
263 1 277 1 277 39 263 39 person 0
336 0 416 0 416 124 336 124 person 0
3 503 639 503 639 639 3 639 diningtable 0
163 104 182 104 182 135 163 135 cup 0
210 107 230 107 230 129 210 129 cup 0
228 101 245 101 245 132 228 132 cup 0