250 267 461 267 461 333 250 333 spoon 0
448 485 471 485 471 542 448 542 carrot 0
391 500 416 500 416 572 391 572 carrot 0
442 501 449 501 449 535 442 535 carrot 0
413 539 469 539 469 581 413 581 carrot 0
534 334 608 334 608 497 534 497 spoon 0
518 285 616 285 616 343 518 343 spoon 0
231 57 302 57 302 115 231 115 spoon 0
546 336 618 336 618 444 546 444 spoon 0
465 521 587 521 587 639 465 639 spoon 0
276 78 405 78 405 162 276 162 bowl 0
424 315 569 315 569 467 424 467 bowl 0
514 420 639 420 639 612 514 612 bowl 0
235 264 404 264 404 379 235 379 bowl 0
363 450 524 450 524 635 363 635 bowl 0
332 210 465 210 465 302 332 302 bowl 0
342 154 493 154 493 241 342 241 bowl 0
190 98 278 98 278 142 190 142 bowl 0
362 63 455 63 455 147 362 147 bowl 0
200 339 218 339 218 381 200 381 broccoli 0
281 525 319 525 319 563 281 563 broccoli 0
170 360 192 360 192 399 170 399 broccoli 0
463 535 489 535 489 578 463 578 carrot 0
415 557 429 557 429 599 415 599 carrot 0
0 56 639 56 639 639 0 639 diningtable 0
211 544 296 544 296 632 211 632 fork 0
458 162 502 162 502 201 458 201 spoon 0
116 119 212 119 212 171 116 171 bowl 0
34 147 151 147 151 227 34 227 bowl 0
0 194 71 194 71 293 0 293 bowl 0
116 455 156 455 156 488 116 488 broccoli 0
380 552 416 552 416 592 380 592 carrot 0
578 503 590 503 590 523 578 523 carrot 0
373 519 404 519 404 555 373 555 carrot 0
169 480 211 480 211 536 169 536 carrot 0
421 499 443 499 443 528 421 528 carrot 0
434 595 455 595 455 610 434 610 carrot 0
527 174 547 174 547 186 527 186 spoon 0
251 434 275 434 275 462 251 462 broccoli 0
289 388 307 388 307 432 289 432 broccoli 0
151 350 167 350 167 369 151 369 broccoli 0
0 252 173 252 173 375 0 375 bowl 0