0 1076.66 413.864 1078.1 495.853 949.16 498.103 947.729 416.114
0 190.981 396.673 189.105 504.134 -1.977 500.799 -0.101258 393.337
0 564.598 432.401 563.307 506.406 205.362 500.158 206.654 426.153
0 884.739 424.123 884.739 502.833 590.926 502.833 590.926 424.123
0 202.381 380.786 200.303 499.822 -4.03213 496.255 -1.95436 377.219
0 549.599 426.837 549.599 502.786 211.37 502.786 211.37 426.837
0 888.391 417.875 888.391 504.429 581.375 504.429 581.375 417.875
0 202.818 373.954 200.461 508.98 -6.87248 505.361 -4.51559 370.335
0 209.362 361.527 209.362 507.999 -5.18914 507.999 -5.18914 361.527
0 771.554 894.737 798.333 964.499 594.998 1042.55 568.219 972.79
0 868.37 1128.21 885.757 1251.93 514.714 1304.08 497.327 1180.36
0 402.193 919.656 223.607 941.583 190.97 675.775 369.556 653.847
