587 396 599 396 599 434.00000000000006 587 434.00000000000006 airplane 0
589 432 599 432 599 473 589 473 airplane 0
554 453 590 453 590 490 554 490 airplane 0
530 435 551 435 551 461 530 461 airplane 0
491 413 523 413 523 455 491 455 airplane 0
460.00000000000006 409 484 409 484 433 460.00000000000006 433 airplane 0
491.99999999999994 338.99999999999994 529 338.99999999999994 529 381 491.99999999999994 381 airplane 0
456 326 488.99999999999994 326 488.99999999999994 358 456 358 airplane 0
425 381 458 381 458 423 425 423 airplane 0
394 364 421 364 421 400 394 400 airplane 0
345 384 367 384 367 404 345 404 airplane 0
331 402 355 402 355 425 331 425 airplane 0
415 521 437.00000000000006 521 437.00000000000006 543 415 543 airplane 0
436 527 457 527 457 542 436 542 airplane 0
439.99999999999994 541 476 541 476 563 439.99999999999994 563 airplane 0
443 565 472 565 472 586 443 586 airplane 0
384 586 409 586 409 599 384 599 airplane 0
290 567 303 567 303 584 290 584 airplane 0
254 534 273 534 273 547 254 547 airplane 0
206.99999999999997 511 236 511 236 542 206.99999999999997 542 airplane 0
200 560 218 560 218 576 200 576 airplane 0
134 526 178 526 178 561 134 561 airplane 0
160 490 198 490 198 523 160 523 airplane 0
143 488 162 488 162 512 143 512 airplane 0
116 478 141 478 141 496 116 496 airplane 0
126 433 154 433 154 454 126 454 airplane 0
137 413.99999999999994 161 413.99999999999994 161 429 137 429 airplane 0
144 389 165 389 165 408.00000000000006 144 408.00000000000006 airplane 0
65 384 93 384 93 412 65 412 airplane 0
35 418 66 418 66 452 35 452 airplane 0
6 438 28 438 28 461 6 461 airplane 0
1 378 11 378 11 397 1 397 airplane 0
42.00000000000001 310.00000000000006 61 310.00000000000006 61 332 42.00000000000001 332 airplane 0
1 292 15 292 15 312.99999999999994 1 312.99999999999994 airplane 0
1 219 13 219 13 240 1 240 airplane 0
108 258 124 258 124 275 108 275 airplane 0
83 242 105 242 105 267 83 267 airplane 0
131 195 154 195 154 219.99999999999997 131 219.99999999999997 airplane 0
47 183 67 183 67 200 47 200 airplane 0
345 564 363 564 363 581 345 581 airplane 0
395 145 423 145 423 167 395 167 airplane 0
431 1 455 1 455 21.000000000000004 431 21.000000000000004 airplane 0
380 15 411.00000000000006 15 411.00000000000006 36 380 36 airplane 0
356 46 394 46 394 78 356 78 airplane 0
320 111 360 111 360 145 320 145 airplane 0
305 161 329 161 329 180 305 180 airplane 0
267 117 292 117 292 141 267 141 airplane 0
126 52 147 52 147 77 126 77 airplane 0
109.99999999999999 67 133 67 133 91 109.99999999999999 91 airplane 0
104 109.99999999999999 130 109.99999999999999 130 131 104 131 airplane 0
169 157.99999999999997 195 157.99999999999997 195 176 169 176 airplane 0
23 140 54 140 54 167 23 167 airplane 0
273 491 285 491 285 505 273 505 airplane 0
265 558 278 558 278 574 265 574 airplane 0
244 547 268 547 268 565 244 565 airplane 0
268 504 289 504 289 519 268 519 airplane 0