0 363 19 363 19 398 0 398 airplane 0
0 281 14 281 14 320 0 320 airplane 0
61 357 93 357 93 387.99999999999994 61 387.99999999999994 airplane 0
62 401 96 401 96 429 62 429 airplane 0
232 306 266 306 266 350 232 350 airplane 0
272 314 302 314 302 354 272 354 airplane 0
433 370 465 370 465 402 433 402 airplane 0
475 408.00000000000006 515 408.00000000000006 515 438 475 438 airplane 0
588 343 599 343 599 375 588 375 airplane 0
464 520 505 520 505 558 464 558 airplane 0
444 453 476 453 476 485 444 485 airplane 0