343 362.00000000000006 372 362.00000000000006 372 387 343 387 airplane 0
512 216 537 216 537 243.00000000000003 512 243.00000000000003 airplane 0
576 212 598 212 598 234 576 234 airplane 0
529 243.00000000000003 554 243.00000000000003 554 265 529 265 airplane 0
535 270 562 270 562 294 535 294 airplane 0
584 305 599 305 599 335 584 335 airplane 0
594 265 599 265 599 286 594 286 airplane 0
159 195 175 195 175 211 159 211 airplane 0
468 270 478 270 478 286 468 286 airplane 0
372 291 393 291 393 305 372 305 airplane 0
429 229 444 229 444 245.99999999999997 429 245.99999999999997 airplane 0
428 269 443 269 443 287 428 287 airplane 0
405 266 422 266 422 288 405 288 airplane 0
425 215 436 215 436 226 425 226 airplane 0
309 190 326 190 326 204.00000000000003 309 204.00000000000003 airplane 0
270 186 288 186 288 202 270 202 airplane 0
336.00000000000006 279 355 279 355 298 336.00000000000006 298 airplane 0
315 251 331 251 331 264 315 264 airplane 0
296 245.99999999999997 309 245.99999999999997 309 259 296 259 airplane 0
133 154 148 154 148 170 133 170 airplane 0
105 191 118 191 118 206 105 206 airplane 0