251 279 292 279 292 322 251 322 airplane 0
370 333.00000000000006 404 333.00000000000006 404 360 370 360 airplane 0
61 373 90 373 90 397 61 397 airplane 0
83 418 115.00000000000001 418 115.00000000000001 443 83 443 airplane 0
364 296 400 296 400 320 364 320 airplane 0
455 292 485 292 485 315 455 315 airplane 0
452 265 479 265 479 287 452 287 airplane 0
425 429 451 429 451 457 425 457 airplane 0
387.99999999999994 435 416.99999999999994 435 416.99999999999994 462 387.99999999999994 462 airplane 0
318 450 345 450 345 478 318 478 airplane 0
285 456 312 456 312 483.00000000000006 285 483.00000000000006 airplane 0
257 457 281 457 281 487 257 487 airplane 0