534 202 559 202 559 224 534 224 airplane 0
495 289 516 289 516 309 495 309 airplane 0
439 310.00000000000006 455 310.00000000000006 455 327 439 327 airplane 0
416 307 434.00000000000006 307 434.00000000000006 330 416 330 airplane 0
394 301 413 301 413 324 394 324 airplane 0
376 293 394 293 394 315 376 315 airplane 0
351 314 370 314 370 331 351 331 airplane 0
336.00000000000006 256 358 256 358 272 336.00000000000006 272 airplane 0
332 226 349 226 349 238 332 238 airplane 0
277 328 296 328 296 346 277 346 airplane 0
150 380 173 380 173 399 150 399 airplane 0