138 353 179 353 179 392 138 392 airplane 0
202 354 240 354 240 393 202 393 airplane 0
17 315 51.00000000000001 315 51.00000000000001 345 17 345 airplane 0
100 319 132 319 132 343 100 343 airplane 0
65 358 92 358 92 389 65 389 airplane 0
273 355 312 355 312 394 273 394 airplane 0
335 356 371 356 371 393 335 393 airplane 0
486.00000000000006 280 521 280 521 315.99999999999994 486.00000000000006 315.99999999999994 airplane 0
576 308 599 308 599 338.99999999999994 576 338.99999999999994 airplane 0
410 199 430 199 430 229 410 229 airplane 0
424 218 450 218 450 241 424 241 airplane 0
444 201 465.99999999999994 201 465.99999999999994 226 444 226 airplane 0
453 273 476 273 476 297 453 297 airplane 0
495 208 521 208 521 234 495 234 airplane 0
387.99999999999994 5 409 5 409 32 387.99999999999994 32 airplane 0
411.00000000000006 13 434.00000000000006 13 434.00000000000006 39 411.00000000000006 39 airplane 0
372 96 394 96 394 121 372 121 airplane 0
450 103 472 103 472 127 450 127 airplane 0
497 58 526 58 526 85 497 85 airplane 0
478 95 499 95 499 115.00000000000001 478 115.00000000000001 airplane 0
439.99999999999994 19 460.00000000000006 19 460.00000000000006 43 439.99999999999994 43 airplane 0