444 43 465 43 465 65 444 65 airplane 0
396 50 413 50 413 67 396 67 airplane 0
329 172 361 172 361 193 329 193 airplane 0
303 154 333.00000000000006 154 333.00000000000006 182 303 182 airplane 0
263 177 290 177 290 202 263 202 airplane 0
290 248 321 248 321 271 290 271 airplane 0
275 293 303 293 303 318 275 318 airplane 0
263 318 295 318 295 341.99999999999994 263 341.99999999999994 airplane 0
219.99999999999997 263 245.99999999999997 263 245.99999999999997 286 219.99999999999997 286 airplane 0
208 206.99999999999997 224 206.99999999999997 224 222 208 222 airplane 0
163 264 178 264 178 275 163 275 airplane 0
165 278 180 278 180 290 165 290 airplane 0
150 328 164 328 164 341.99999999999994 150 341.99999999999994 airplane 0
156 304 174 304 174 320 156 320 airplane 0
162 290 177 290 177 304 162 304 airplane 0
232.99999999999997 443 245.99999999999997 443 245.99999999999997 454 232.99999999999997 454 airplane 0
177 444 187 444 187 455 177 455 airplane 0
24 410 33 410 33 421 24 421 airplane 0
68 409 78 409 78 416.99999999999994 68 416.99999999999994 airplane 0
63 405 71 405 71 413 63 413 airplane 0
64 398 73 398 73 406 64 406 airplane 0