416.99999999999994 403 439 403 439 427 416.99999999999994 427 airplane 0
295 395 322 395 322 423 295 423 airplane 0
331 467 354 467 354 488 331 488 airplane 0
354 493 378 493 378 515 354 515 airplane 0
283 320 305 320 305 346 283 346 airplane 0
257 291 280 291 280 315 257 315 airplane 0
205 125 235 125 235 151 205 151 airplane 0
120 186 149 186 149 209 120 209 airplane 0
223 169 245 169 245 193 223 193 airplane 0
128 223 157.99999999999997 223 157.99999999999997 249 128 249 airplane 0
141 258 167 258 167 283 141 283 airplane 0
155.00000000000003 301 175 301 175 321 155.00000000000003 321 airplane 0
385.00000000000006 384 409 384 409 410 385.00000000000006 410 airplane 0
460.00000000000006 413 473 413 473 428 460.00000000000006 428 airplane 0
484 428 504 428 504 448 484 448 airplane 0
448 505 469 505 469 524 448 524 airplane 0
437.00000000000006 523 457 523 457 542 437.00000000000006 542 airplane 0
170.99999999999997 338 195 338 195 358 170.99999999999997 358 airplane 0