4 413 41 413 41 468 4 468 airplane 0
48 412 84.00000000000001 412 84.00000000000001 443 48 443 airplane 0
109 332 146 332 146 383 109 383 airplane 0
183 382 217.00000000000003 382 217.00000000000003 420 183 420 airplane 0
186 262 217.00000000000003 262 217.00000000000003 292 186 292 airplane 0
223 242 258 242 258 276 223 276 airplane 0
261 218 294 218 294 254 261 254 airplane 0
330 176 364.99999999999994 176 364.99999999999994 216 330 216 airplane 0
367 157.99999999999997 402 157.99999999999997 402 195 367 195 airplane 0
267 294 301 294 301 329 267 329 airplane 0
398 224 433 224 433 258 398 258 airplane 0
281 385.00000000000006 318 385.00000000000006 318 422 281 422 airplane 0
314 366 348 366 348 403 314 403 airplane 0
348 346 382 346 382 382 348 382 airplane 0
381 328 415 328 415 368 381 368 airplane 0
481 274 514 274 514 315 481 315 airplane 0
511 257 546 257 546 297 511 297 airplane 0
575 219 599 219 599 260 575 260 airplane 0