240 438 282 438 282 484 240 484 airplane 0
291 439 340 439 340 482 291 482 airplane 0
337 431 386 431 386 478 337 478 airplane 0
386 439 416 439 416 475 386 475 airplane 0
418 410 461 410 461 450 418 450 airplane 0
72 573 99 573 99 594 72 594 airplane 0
150 573 177 573 177 591 150 591 airplane 0
226 570 250 570 250 584 226 584 airplane 0
452 179 496 179 496 214 452 214 airplane 0
411.00000000000006 259 462 259 462 299 411.00000000000006 299 airplane 0
418 364.99999999999994 468 364.99999999999994 468 406 418 406 airplane 0
406 318 462.99999999999994 318 462.99999999999994 358 406 358 airplane 0