560 184 599 184 599 225 560 225 airplane 0
542 358 568 358 568 387.99999999999994 542 387.99999999999994 airplane 0
551 312 573 312 573 345 551 345 airplane 0
576 305 599 305 599 336.00000000000006 576 336.00000000000006 airplane 0
468 311 508 311 508 355 468 355 airplane 0
364 319 401 319 401 371 364 371 airplane 0
340 334 363 334 363 363 340 363 airplane 0
437.00000000000006 462 471 462 471 505 437.00000000000006 505 airplane 0
411.00000000000006 474 432 474 432 502 411.00000000000006 502 airplane 0
268 477 303 477 303 526 268 526 airplane 0
69 559 98 559 98 584 69 584 airplane 0
195 337 228 337 228 385.00000000000006 195 385.00000000000006 airplane 0
165 347 186 347 186 375 165 375 airplane 0
16 236 54.99999999999999 236 54.99999999999999 276 16 276 airplane 0
162 228 187 228 187 256 162 256 airplane 0
192 215 234 215 234 262 192 262 airplane 0
241 213 282 213 282 255 241 255 airplane 0
288 225 317 225 317 249 288 249 airplane 0
337 218 361 218 361 245.99999999999997 337 245.99999999999997 airplane 0
360 205 386 205 386 235 360 235 airplane 0