189 250 212 250 212 279 189 279 airplane 0
571 98 599 98 599 126 571 126 airplane 0
125 351 152 351 152 377 125 377 airplane 0
165 353 187 353 187 379 165 379 airplane 0
205 355 228 355 228 383 205 383 airplane 0
7 341.99999999999994 25 341.99999999999994 25 363 7 363 airplane 0
24 340 39 340 39 359.00000000000006 24 359.00000000000006 airplane 0
40 340 54.99999999999999 340 54.99999999999999 363 40 363 airplane 0
24 390.99999999999994 41 390.99999999999994 41 410 24 410 airplane 0
45 392 60 392 60 410 45 410 airplane 0
245.99999999999997 361 260 361 260 372 245.99999999999997 372 airplane 0