504 340 517 340 517 359.00000000000006 504 359.00000000000006 airplane 0
413 317 427 317 427 331 413 331 airplane 0
439.99999999999994 320 455 320 455 341 439.99999999999994 341 airplane 0
359.00000000000006 307 373 307 373 322 359.00000000000006 322 airplane 0
346 304 360 304 360 320 346 320 airplane 0
251 284 265 284 265 301 251 301 airplane 0
265 290 279 290 279 304 265 304 airplane 0
280 291 294 291 294 307 280 307 airplane 0
294 293 305 293 305 308 294 308 airplane 0
307 297 319 297 319 312.99999999999994 307 312.99999999999994 airplane 0
321 297 332 297 332 318 321 318 airplane 0
333.00000000000006 302 345 302 345 317 333.00000000000006 317 airplane 0