104 84.00000000000001 129 84.00000000000001 129 107 104 107 airplane 0
157.99999999999997 122 176 122 176 142 157.99999999999997 142 airplane 0
200 136 219.99999999999997 136 219.99999999999997 161 200 161 airplane 0
162 152 185 152 185 173 162 173 airplane 0
232.99999999999997 159 252 159 252 182 232.99999999999997 182 airplane 0
260 178 278 178 278 203 260 203 airplane 0
291 195 310.00000000000006 195 310.00000000000006 217.00000000000003 291 217.00000000000003 airplane 0
319 212 338.99999999999994 212 338.99999999999994 232.99999999999997 319 232.99999999999997 airplane 0
346 228 366 228 366 249 346 249 airplane 0
373 242 394 242 394 264 373 264 airplane 0
12 0 29 0 29 22 12 22 airplane 0
476 289 497 289 497 315 476 315 airplane 0
351 299 373 299 373 318 351 318 airplane 0
446 302 465 302 465 322 446 322 airplane 0
500 572 520 572 520 595 500 595 airplane 0
167 32 188 32 188 54 167 54 airplane 0
130 44 152 44 152 71 130 71 airplane 0
111 60 133 60 133 78.99999999999999 111 78.99999999999999 airplane 0