37 563 92 563 92 599 37 599 airplane 0
98 563 149 563 149 599 98 599 airplane 0
126 476 157.99999999999997 476 157.99999999999997 517 126 517 airplane 0
153 396 177 396 177 422 153 422 airplane 0
65 332 84.00000000000001 332 84.00000000000001 357 65 357 airplane 0
90 328 109.99999999999999 328 109.99999999999999 358 90 358 airplane 0
10 579 29 579 29 599 10 599 airplane 0
421 330 462 330 462 364.99999999999994 421 364.99999999999994 airplane 0
409 301 446 301 446 334 409 334 airplane 0
78 269 96 269 96 295 78 295 airplane 0
65 253 87 253 87 281 65 281 airplane 0
506 551 538 551 538 581 506 581 airplane 0
566 472 599 472 599 504 566 504 airplane 0
501 468 531 468 531 507 501 507 airplane 0
425 437.00000000000006 459 437.00000000000006 459 470 425 470 airplane 0