585 262 599 262 599 281 585 281 airplane 0
583 260 594 260 594 270 583 270 airplane 0
554 267 578 267 578 282 554 282 airplane 0
568 257 582 257 582 269 568 269 airplane 0
583 247 598 247 598 260 583 260 airplane 0
565 241 584 241 584 257 565 257 airplane 0
522 259 540 259 540 275 522 275 airplane 0
573 206.99999999999997 591 206.99999999999997 591 230.00000000000003 573 230.00000000000003 airplane 0
558 206.99999999999997 573 206.99999999999997 573 229 558 229 airplane 0
543 212 557 212 557 235 543 235 airplane 0
526 211 542 211 542 232 526 232 airplane 0
511 205 529 205 529 225 511 225 airplane 0
493 202 511 202 511 225 493 225 airplane 0
460.00000000000006 155.00000000000003 490 155.00000000000003 490 170.99999999999997 460.00000000000006 170.99999999999997 airplane 0
467 131 491 131 491 153 467 153 airplane 0
441 157.99999999999997 449 157.99999999999997 449 170 441 170 airplane 0
423 155.00000000000003 434.00000000000006 155.00000000000003 434.00000000000006 168.00000000000003 423 168.00000000000003 airplane 0
452 144 464 144 464 152 452 152 airplane 0
443 141 453 141 453 150 443 150 airplane 0
427 139 442 139 442 148 427 148 airplane 0
418 244 443 244 443 265 418 265 airplane 0
393 243.00000000000003 411.00000000000006 243.00000000000003 411.00000000000006 267 393 267 airplane 0
379 196 392 196 392 210 379 210 airplane 0
331 241 364.99999999999994 241 364.99999999999994 273 331 273 airplane 0
272 231 298 231 298 254 272 254 airplane 0
247 167 272 167 272 198 247 198 airplane 0
209 232 227 232 227 249 209 249 airplane 0
176 227 195 227 195 250 176 250 airplane 0
189 265 203 265 203 281 189 281 airplane 0
168.00000000000003 264 189 264 189 282 168.00000000000003 282 airplane 0
145 247 175 247 175 270 145 270 airplane 0
162 166 178 166 178 185 162 185 airplane 0
143 163 159 163 159 183 143 183 airplane 0
106 156 122 156 122 178 106 178 airplane 0
67 153 86 153 86 174 67 174 airplane 0
88 98 124 98 124 137 88 137 airplane 0