176 96.99999999999999 216 96.99999999999999 216 140 176 140 airplane 0
264 105 284 105 284 127 264 127 airplane 0
286 88 332 88 332 132 286 132 airplane 0
347 81 380 81 380 122.99999999999999 347 122.99999999999999 airplane 0
422 84.00000000000001 453 84.00000000000001 453 117 422 117 airplane 0
480 80 506 80 506 109.99999999999999 480 109.99999999999999 airplane 0
245.99999999999997 256 273 256 273 288 245.99999999999997 288 airplane 0
282 354 311 354 311 385.00000000000006 282 385.00000000000006 airplane 0
13 222 36 222 36 242 13 242 airplane 0
382 346 409 346 409 378 382 378 airplane 0
502 195 544 195 544 234 502 234 airplane 0
566 229 599 229 599 269 566 269 airplane 0
34 400 52 400 52 416 34 416 airplane 0