255 208 280 208 280 236 255 236 airplane 0
234 221 257 221 257 244 234 244 airplane 0
183 184 208 184 208 210 183 210 airplane 0
179 245.99999999999997 202 245.99999999999997 202 275 179 275 airplane 0
137 148 160 148 160 173 137 173 airplane 0
121 278 144 278 144 302 121 302 airplane 0
89 298 112 298 112 323 89 323 airplane 0
286 427 308 427 308 454 286 454 airplane 0
257 444 280 444 280 470 257 470 airplane 0
133 402 155.00000000000003 402 155.00000000000003 424 133 424 airplane 0
83 446 102.00000000000001 446 102.00000000000001 465.99999999999994 83 465.99999999999994 airplane 0
135 538 161 538 161 564 135 564 airplane 0
92 541 114 541 114 566 92 566 airplane 0
382 473 410 473 410 495 382 495 airplane 0
234 454 256 454 256 480 234 480 airplane 0
167 465 188 465 188 486.00000000000006 167 486.00000000000006 airplane 0
164 450 176 450 176 462.99999999999994 164 462.99999999999994 airplane 0
153 447 165 447 165 459 153 459 airplane 0
175 204.00000000000003 188 204.00000000000003 188 219.99999999999997 175 219.99999999999997 airplane 0
167 214 175 214 175 225 167 225 airplane 0
141 210 151 210 151 223 141 223 airplane 0
117 227 128 227 128 236 117 236 airplane 0
148 562 172 562 172 584 148 584 airplane 0
224 574 244 574 244 594 224 594 airplane 0
209 551 234 551 234 572 209 572 airplane 0
204.00000000000003 523 219 523 219 539 204.00000000000003 539 airplane 0
47 329 64 329 64 350 47 350 airplane 0
152 219.99999999999997 163 219.99999999999997 163 229 152 229 airplane 0
140 226 149 226 149 236 140 236 airplane 0
128 230.00000000000003 139 230.00000000000003 139 242 128 242 airplane 0
124 156 132 156 132 170 124 170 airplane 0
111 165 118 165 118 175 111 175 airplane 0
98 170 109 170 109 181.00000000000003 98 181.00000000000003 airplane 0
99 185 106 185 106 193 99 193 airplane 0
109.99999999999999 178 120 178 120 187 109.99999999999999 187 airplane 0
122.99999999999999 172 132 172 132 179 122.99999999999999 179 airplane 0