218 150 243.00000000000003 150 243.00000000000003 176 218 176 airplane 0
250 147 275 147 275 170.99999999999997 250 170.99999999999997 airplane 0
283 146 305 146 305 175 283 175 airplane 0
425 299 452 299 452 328 425 328 airplane 0
478 299 504 299 504 329 478 329 airplane 0
508 298 533 298 533 328 508 328 airplane 0
190 201 208 201 208 222 190 222 airplane 0
372 200 400 200 400 234 372 234 airplane 0
100 206 116 206 116 219.99999999999997 100 219.99999999999997 airplane 0
234 348 247 348 247 366 234 366 airplane 0
352 348 362.00000000000006 348 362.00000000000006 362.00000000000006 352 362.00000000000006 airplane 0
392 350 403 350 403 364.99999999999994 392 364.99999999999994 airplane 0
359.00000000000006 358 369 358 369 373 359.00000000000006 373 airplane 0
115.00000000000001 430 134 430 134 453 115.00000000000001 453 airplane 0
204.00000000000003 446 225 446 225 472 204.00000000000003 472 airplane 0
172 467 182 467 182 476 172 476 airplane 0
172 481 184 481 184 494 172 494 airplane 0
129 552 157.99999999999997 552 157.99999999999997 585 129 585 airplane 0
165 559 187 559 187 585 165 585 airplane 0
229 555 257 555 257 586 229 586 airplane 0
182 59 196 59 196 69 182 69 airplane 0