142 181.00000000000003 167 181.00000000000003 167 208 142 208 airplane 0
58 250 73 250 73 266 58 266 airplane 0
421 321 433 321 433 335 421 335 airplane 0
144 267 159 267 159 280 144 280 airplane 0
150 280 163 280 163 296 150 296 airplane 0
118 277 127 277 127 289 118 289 airplane 0
122 289 137 289 137 305 122 305 airplane 0
72 275 87 275 87 290 72 290 airplane 0
57 279 69 279 69 294 57 294 airplane 0
403 439 418 439 418 451 403 451 airplane 0
393 421 406 421 406 431 393 431 airplane 0
392 433 404 433 404 443 392 443 airplane 0
383 424 395 424 395 436 383 436 airplane 0
373 413 387 413 387 425 373 425 airplane 0