568 407 599 407 599 455 568 455 airplane 0
478 419 516 419 516 457 478 457 airplane 0
430 419 469 419 469 462 430 462 airplane 0
392 413 432 413 432 457 392 457 airplane 0
315 410 356 410 356 454 315 454 airplane 0
271 406 311 406 311 451 271 451 airplane 0
232.99999999999997 401 269 401 269 450 232.99999999999997 450 airplane 0
100 252 146 252 146 286 100 286 airplane 0
98 289 144 289 144 326 98 326 airplane 0
100 375 133 375 133 410 100 410 airplane 0
95 416.99999999999994 136 416.99999999999994 136 450 95 450 airplane 0
14 441 48 441 48 479 14 479 airplane 0
196 405 231 405 231 445 196 445 airplane 0
563 581 599 581 599 600 563 600 airplane 0
211 509.00000000000006 236 509.00000000000006 236 541 211 541 airplane 0
80 537 127 537 127 571 80 571 airplane 0
95 462.99999999999994 131 462.99999999999994 131 487 95 487 airplane 0