36 193.99999999999997 84.00000000000001 193.99999999999997 84.00000000000001 249 36 249 airplane 0
0 221 42.00000000000001 221 42.00000000000001 266 0 266 airplane 0
150 248 179 248 179 277 150 277 airplane 0
174 228 203 228 203 263 174 263 airplane 0
62 410 112 410 112 455 62 455 airplane 0
157 308 208 308 208 356 157 356 airplane 0
227 260 277 260 277 315.99999999999994 227 315.99999999999994 airplane 0
252 147 282 147 282 172 252 172 airplane 0
315.99999999999994 108 354 108 354 141 315.99999999999994 141 airplane 0
321 192 354 192 354 217.00000000000003 321 217.00000000000003 airplane 0
338 174 367 174 367 202 338 202 airplane 0
338.99999999999994 213 380 213 380 250 338.99999999999994 250 airplane 0
432 180 468 180 468 206.99999999999997 432 206.99999999999997 airplane 0
516 60 572 60 572 126 516 126 airplane 0
439 361 488.99999999999994 361 488.99999999999994 407 439 407 airplane 0
541 264 563 264 563 288 541 288 airplane 0
560 290 580 290 580 312 560 312 airplane 0
582 234 599 234 599 260 582 260 airplane 0
139 221 175 221 175 250 139 250 airplane 0
376 59 420 59 420 91 376 91 airplane 0