28 202 49 202 49 230.00000000000003 28 230.00000000000003 airplane 0
276 167 295 167 295 187 276 187 airplane 0
454 148 471 148 471 167 454 167 airplane 0
528 154 543 154 543 177 528 177 airplane 0
584 226 599 226 599 248 584 248 airplane 0
559 232 574 232 574 252 559 252 airplane 0
531 240 544 240 544 257 531 257 airplane 0
494 244 509.00000000000006 244 509.00000000000006 264 494 264 airplane 0
441 248 462 248 462 270 441 270 airplane 0
370 249 395 249 395 274 370 274 airplane 0
269 265 294 265 294 288 269 288 airplane 0
211 271 235 271 235 302 211 302 airplane 0