496 304 511 304 511 321 496 321 airplane 0
547 364.99999999999994 557 364.99999999999994 557 375 547 375 airplane 0
539 357 552 357 552 366 539 366 airplane 0
577 372 590 372 590 387 577 387 airplane 0
585 368 599 368 599 380 585 380 airplane 0
595 360 600 360 600 372 595 372 airplane 0
454 338.99999999999994 465.99999999999994 338.99999999999994 465.99999999999994 351 454 351 airplane 0
400 403 415 403 415 416 400 416 airplane 0
390.99999999999994 387.99999999999994 407 387.99999999999994 407 403 390.99999999999994 403 airplane 0
377 347 395 347 395 364.99999999999994 377 364.99999999999994 airplane 0
398 334 415 334 415 354 398 354 airplane 0
383 322 397 322 397 338.99999999999994 383 338.99999999999994 airplane 0
380 373 394 373 394 386 380 386 airplane 0
383 306 396 306 396 317 383 317 airplane 0
377 294 389 294 389 306 377 306 airplane 0
420 293 432 293 432 308 420 308 airplane 0
431 285 442 285 442 299 431 299 airplane 0
441 277 452 277 452 290 441 290 airplane 0
341 253 357 253 357 265 341 265 airplane 0
390.99999999999994 248 405 248 405 262 390.99999999999994 262 airplane 0
430 253 439.99999999999994 253 439.99999999999994 265 430 265 airplane 0
415 278 425 278 425 290 415 290 airplane 0
402 261 411.00000000000006 261 411.00000000000006 270 402 270 airplane 0
361 273 371 273 371 284 361 284 airplane 0
280 412 288 412 288 422 280 422 airplane 0
312.99999999999994 381 322 381 322 393 312.99999999999994 393 airplane 0
297 362.00000000000006 308 362.00000000000006 308 374 297 374 airplane 0
281 346 293 346 293 359.00000000000006 281 359.00000000000006 airplane 0
272 332 284 332 284 344 272 344 airplane 0
263 319 273 319 273 329 263 329 airplane 0
247 312 256 312 256 321 247 321 airplane 0
244 302 260 302 260 317 244 317 airplane 0
234 286 248 286 248 300 234 300 airplane 0
229 287 237 287 237 296 229 296 airplane 0
221 268 232 268 232 280 221 280 airplane 0
200 262 210 262 210 273 200 273 airplane 0
226 315 238 315 238 328 226 328 airplane 0
445 315 453 315 453 327 445 327 airplane 0
457 303 468 303 468 315.99999999999994 457 315.99999999999994 airplane 0
465 296 474 296 474 309 465 309 airplane 0
474 294 483.00000000000006 294 483.00000000000006 304 474 304 airplane 0
483.00000000000006 284 493 284 493 297 483.00000000000006 297 airplane 0
374 224 386 224 386 238 374 238 airplane 0
222 389 237 389 237 402 222 402 airplane 0
211 378 221 378 221 389 211 389 airplane 0
210 371 222 371 222 382 210 382 airplane 0
204.00000000000003 370 212 370 212 379 204.00000000000003 379 airplane 0
235 364 244 364 244 372 235 372 airplane 0
222 360 238 360 238 373 222 373 airplane 0
222 352 235 352 235 360 222 360 airplane 0
210 345 226 345 226 360 210 360 airplane 0
212 338.99999999999994 223 338.99999999999994 223 348 212 348 airplane 0
208 332 218 332 218 340 208 340 airplane 0
197 329 210 329 210 341 197 341 airplane 0
192 356 202 356 202 364.99999999999994 192 364.99999999999994 airplane 0
185 336.00000000000006 195 336.00000000000006 195 349 185 349 airplane 0
177 333.00000000000006 188 333.00000000000006 188 343 177 343 airplane 0
183 312 200 312 200 327 183 327 airplane 0
189 307 198 307 198 315.99999999999994 189 315.99999999999994 airplane 0
172 286 181.00000000000003 286 181.00000000000003 296 172 296 airplane 0
149 298 174 298 174 321 149 321 airplane 0
159 281 174 281 174 295 159 295 airplane 0
144 286 156 286 156 296 144 296 airplane 0
145 261 162 261 162 278 145 278 airplane 0
135 250 148 250 148 260 135 260 airplane 0
122.99999999999999 229 136 229 136 242 122.99999999999999 242 airplane 0
93 223 107 223 107 238 93 238 airplane 0
54 259 70 259 70 273 54 273 airplane 0
2 237 23 237 23 258 2 258 airplane 0
443 229 455 229 455 240 443 240 airplane 0
509.00000000000006 296 518 296 518 306 509.00000000000006 306 airplane 0
530 273 540 273 540 283 530 283 airplane 0
118 467 128 467 128 477 118 477 airplane 0
115.00000000000001 475 125 475 125 486.00000000000006 115.00000000000001 486.00000000000006 airplane 0
107 475 117 475 117 487 107 487 airplane 0
99 487 111 487 111 499 99 499 airplane 0
90 487 102.00000000000001 487 102.00000000000001 501 90 501 airplane 0
64 507 77 507 77 523 64 523 airplane 0
54 518 68 518 68 531 54 531 airplane 0
33 529 47 529 47 545 33 545 airplane 0
103 576 114 576 114 586 103 586 airplane 0
102.00000000000001 567 109.99999999999999 567 109.99999999999999 575 102.00000000000001 575 airplane 0
44 439 54.99999999999999 439 54.99999999999999 449 44 449 airplane 0
33 431 43 431 43 442 33 442 airplane 0
18 423 33 423 33 435 18 435 airplane 0
9 408.00000000000006 26 408.00000000000006 26 422 9 422 airplane 0
1 393 16 393 16 410 1 410 airplane 0