471 284 498 284 498 312.99999999999994 471 312.99999999999994 airplane 0
439 270 470 270 470 305 439 305 airplane 0
402 255 439 255 439 300 402 300 airplane 0
380 247 409 247 409 276 380 276 airplane 0
326 228 354 228 354 258 326 258 airplane 0
402 189 436 189 436 222 402 222 airplane 0
380 183 404 183 404 212 380 212 airplane 0
356 167 382 167 382 199 356 199 airplane 0
229 186 260 186 260 221 229 221 airplane 0
205 179 234 179 234 211 205 211 airplane 0
101 109 128 109 128 137 101 137 airplane 0
71 96.99999999999999 99 96.99999999999999 99 126 71 126 airplane 0
41 85 71 85 71 111 41 111 airplane 0
9 71 39 71 39 98 9 98 airplane 0