531 332 578 332 578 386 531 386 airplane 0
571 315 600 315 600 359.00000000000006 571 359.00000000000006 airplane 0
437.00000000000006 304 465.99999999999994 304 465.99999999999994 333.00000000000006 437.00000000000006 333.00000000000006 airplane 0
413.99999999999994 318 443 318 443 352 413.99999999999994 352 airplane 0
503 130 553 130 553 174 503 174 airplane 0
409 226 459 226 459 274 409 274 airplane 0
341.99999999999994 266 390 266 390 321 341.99999999999994 321 airplane 0
336.00000000000006 406 366 406 366 432 336.00000000000006 432 airplane 0
266 438 303 438 303 471 266 471 airplane 0
266 363 298 363 298 387.99999999999994 266 387.99999999999994 airplane 0
253 378 281 378 281 406 253 406 airplane 0
241 331 280 331 280 367 241 367 airplane 0
154 372 189 372 189 399 154 399 airplane 0
52 453 107 453 107 518 52 518 airplane 0
133 177 182 177 182 222 133 222 airplane 0
61 294 83 294 83 317 61 317 airplane 0
44 269 64 269 64 291 44 291 airplane 0
18 322 42.00000000000001 322 42.00000000000001 346 18 346 airplane 0
1 331 12 331 12 352 1 352 airplane 0
1 281 12 281 12 307 1 307 airplane 0
442 331 477 331 477 359.00000000000006 442 359.00000000000006 airplane 0
201 487 244 487 244 518 201 518 airplane 0