458 371 483.00000000000006 371 483.00000000000006 398 458 398 airplane 0
322 362.00000000000006 353 362.00000000000006 353 393 322 393 airplane 0
362.00000000000006 442 387.99999999999994 442 387.99999999999994 465 362.00000000000006 465 airplane 0
387.99999999999994 471 415 471 415 496 387.99999999999994 496 airplane 0
309 278 334 278 334 307 309 307 airplane 0
280 245 306 245 306 272 280 272 airplane 0
222 60 256 60 256 89 222 89 airplane 0
127 128 160 128 160 154 127 154 airplane 0
241 109 266 109 266 136 241 136 airplane 0
136 169 170 169 170 198 136 198 airplane 0
150 209 179 209 179 237 150 237 airplane 0
166 257 189 257 189 279 166 279 airplane 0
423 349 450 349 450 379 423 379 airplane 0
507 382 522 382 522 398 507 398 airplane 0
533 398 556 398 556 421 533 421 airplane 0
493 484 517 484 517 505 493 505 airplane 0
480 504 503 504 503 525 480 525 airplane 0
184 298 211 298 211 320 184 320 airplane 0