81 437.00000000000006 96.99999999999999 437.00000000000006 96.99999999999999 454 81 454 airplane 0
93 424 109 424 109 442 93 442 airplane 0
103 415 120 415 120 432 103 432 airplane 0
117 404 131 404 131 416.99999999999994 117 416.99999999999994 airplane 0
77 346 92 346 92 362.00000000000006 77 362.00000000000006 airplane 0
94 338 113 338 113 351 94 351 airplane 0
100 324 119 324 119 337 100 337 airplane 0
106 305 122.99999999999999 305 122.99999999999999 318 106 318 airplane 0
114 290 130 290 130 301 114 301 airplane 0
66 293 82 293 82 307 66 307 airplane 0
154 405 170.99999999999997 405 170.99999999999997 422 154 422 airplane 0
163 416 183 416 183 432 163 432 airplane 0
176 427 192 427 192 443 176 443 airplane 0
185 442 205 442 205 455 185 455 airplane 0
154 448 170.99999999999997 448 170.99999999999997 462.99999999999994 154 462.99999999999994 airplane 0
164 461 183 461 183 475 164 475 airplane 0
96.99999999999999 460.00000000000006 117 460.00000000000006 117 475 96.99999999999999 475 airplane 0
114 448 130 448 130 462.99999999999994 114 462.99999999999994 airplane 0
115.00000000000001 486.00000000000006 131 486.00000000000006 131 504 115.00000000000001 504 airplane 0
103 499 118 499 118 513 103 513 airplane 0
92 507 106 507 106 524 92 524 airplane 0
80 519 94 519 94 537 80 537 airplane 0
93 528 113 528 113 545 93 545 airplane 0
109 527 125 527 125 545 109 545 airplane 0
124 526 141 526 141 543 124 543 airplane 0
141 526 157 526 157 545 141 545 airplane 0
157 535 172 535 172 548 157 548 airplane 0
174 542 195 542 195 561 174 561 airplane 0
173 528 190 528 190 542 173 542 airplane 0
185 518 203 518 203 533 185 533 airplane 0
170.99999999999997 509.00000000000006 188 509.00000000000006 188 524 170.99999999999997 524 airplane 0
160 497 180 497 180 513 160 513 airplane 0
146 483.00000000000006 170 483.00000000000006 170 502 146 502 airplane 0
98 539 113 539 113 559 98 559 airplane 0