135 526 156 526 156 547 135 547 airplane 0
187 524 204.00000000000003 524 204.00000000000003 540 187 540 airplane 0
238 400 269 400 269 421 238 421 airplane 0
265 411.00000000000006 294 411.00000000000006 294 438 265 438 airplane 0
307 390.99999999999994 333.00000000000006 390.99999999999994 333.00000000000006 416 307 416 airplane 0
277 323 307 323 307 346 277 346 airplane 0
294 277 321 277 321 302 294 302 airplane 0
302 254 333.00000000000006 254 333.00000000000006 278 302 278 airplane 0
350 309 376 309 376 331 350 331 airplane 0
372 372 387.99999999999994 372 387.99999999999994 386 372 386 airplane 0
416.99999999999994 319 431 319 431 330 416.99999999999994 330 airplane 0
415 305 429 305 429 315.99999999999994 415 315.99999999999994 airplane 0
430 254 444 254 444 268 430 268 airplane 0
421 276 438 276 438 291 421 291 airplane 0
418 291 432 291 432 305 418 305 airplane 0
351 144 363 144 363 155.00000000000003 351 155.00000000000003 airplane 0
408.00000000000006 143 418 143 418 154 408.00000000000006 154 airplane 0
559 176 568 176 568 187 559 187 airplane 0
515 180 525 180 525 188 515 188 airplane 0
522 185 530 185 530 193 522 193 airplane 0
520 192 529 192 529 200 520 200 airplane 0