363 460.00000000000006 390 460.00000000000006 390 486.00000000000006 363 486.00000000000006 airplane 0
315.99999999999994 416 348 416 348 445 315.99999999999994 445 airplane 0
338.99999999999994 382 370 382 370 415 338.99999999999994 415 airplane 0
371 396 397 396 397 423 371 423 airplane 0
0 369 23 369 23 399 0 399 airplane 0
0 355 15 355 15 385.00000000000006 0 385.00000000000006 airplane 0
0 332 26 332 26 356 0 356 airplane 0
3 311 31 311 31 332 3 332 airplane 0
61 309 92 309 92 338 61 338 airplane 0
177 268 203 268 203 297 177 297 airplane 0
80 244 103 244 103 265 80 265 airplane 0
90 200 125 200 125 235 90 235 airplane 0
107 159 154 159 154 206 107 206 airplane 0
128 103 181.00000000000003 103 181.00000000000003 160 128 160 airplane 0
212 156 237 156 237 182 212 182 airplane 0
204.00000000000003 185 230.00000000000003 185 230.00000000000003 212 204.00000000000003 212 airplane 0
196 213 219 213 219 240 196 240 airplane 0
275 239 302 239 302 262 275 262 airplane 0
283 209 311 209 311 234 283 234 airplane 0
295 166 315.99999999999994 166 315.99999999999994 188 295 188 airplane 0
278 143 304 143 304 163 278 163 airplane 0
137 62 167 62 167 92 137 92 airplane 0