390.99999999999994 308 409 308 409 332 390.99999999999994 332 airplane 0
369 314 385.00000000000006 314 385.00000000000006 337 369 337 airplane 0
346 320 364 320 364 345 346 345 airplane 0
325 328 344 328 344 354 325 354 airplane 0
176 268 195 268 195 291 176 291 airplane 0
293 338.99999999999994 310.00000000000006 338.99999999999994 310.00000000000006 357 293 357 airplane 0
267 377 286 377 286 394 267 394 airplane 0
234 410 251 410 251 432 234 432 airplane 0
211 422 226 422 226 443 211 443 airplane 0
187 428 203 428 203 450 187 450 airplane 0
135 244 153 244 153 266 135 266 airplane 0
119 232 138 232 138 253 119 253 airplane 0
231 438 250 438 250 456 231 456 airplane 0
192 449 212 449 212 468 192 468 airplane 0
157.99999999999997 394 169 394 169 410 157.99999999999997 410 airplane 0
215 443 232 443 232 459 215 459 airplane 0
1 274 18 274 18 292 1 292 airplane 0