490 18 539 18 539 71 490 71 airplane 0
438 22 483.00000000000006 22 483.00000000000006 71 438 71 airplane 0
428 114 457 114 457 152 428 152 airplane 0
410 202 432 202 432 225 410 225 airplane 0
496 262 514 262 514 284 496 284 airplane 0
472 261 490 261 490 289 472 289 airplane 0
547 38 564 38 564 57 547 57 airplane 0
393 7 413 7 413 25 393 25 airplane 0
147 254 186 254 186 286 147 286 airplane 0
163 283 197 283 197 312.99999999999994 163 312.99999999999994 airplane 0
485 318 502 318 502 343 485 343 airplane 0
493 332 514 332 514 358 493 358 airplane 0
78 56 107 56 107 84.00000000000001 78 84.00000000000001 airplane 0
22 126 52 126 52 155.00000000000003 22 155.00000000000003 airplane 0
84.00000000000001 122.99999999999999 112 122.99999999999999 112 159 84.00000000000001 159 airplane 0
151 157 182 157 182 188 151 188 airplane 0