32 181.00000000000003 57 181.00000000000003 57 208 32 208 airplane 0
0 114 11 114 11 128 0 128 airplane 0
86 196 105 196 105 221 86 221 airplane 0
81 69 106 69 106 95 81 95 airplane 0
11 51.00000000000001 40 51.00000000000001 40 81 11 81 airplane 0
111 11 127 11 127 23 111 23 airplane 0
127 17 142 17 142 29 127 29 airplane 0
460.00000000000006 140 479 140 479 157.99999999999997 460.00000000000006 157.99999999999997 airplane 0
444 186 464 186 464 206.99999999999997 444 206.99999999999997 airplane 0
416 170 438 170 438 199 416 199 airplane 0
387 170 406 170 406 183 387 183 airplane 0
363 218 377 218 377 230.00000000000003 363 230.00000000000003 airplane 0
411.00000000000006 229 430 229 430 248 411.00000000000006 248 airplane 0
437.00000000000006 245.99999999999997 459 245.99999999999997 459 262 437.00000000000006 262 airplane 0
380 285 399 285 399 305 380 305 airplane 0
357 279 373 279 373 298 357 298 airplane 0
315.99999999999994 260 345 260 345 291 315.99999999999994 291 airplane 0