227 548 251 548 251 569 227 569 airplane 0
2 416 23 416 23 431 2 431 airplane 0
0 217.00000000000003 17 217.00000000000003 17 231 0 231 airplane 0
160 1 197 1 197 18 160 18 airplane 0
170.99999999999997 69 200 69 200 96 170.99999999999997 96 airplane 0
227 86 254 86 254 115.00000000000001 227 115.00000000000001 airplane 0
279 86 303 86 303 111 279 111 airplane 0
242 145 261 145 261 169 242 169 airplane 0
193.99999999999997 212 224 212 224 235 193.99999999999997 235 airplane 0
213 275 238 275 238 298 213 298 airplane 0
323 292 347 292 347 312.99999999999994 323 312.99999999999994 airplane 0
353 239 396 239 396 285 353 285 airplane 0
325 314 354 314 354 337 325 337 airplane 0
323 338.99999999999994 363 338.99999999999994 363 373 323 373 airplane 0
253 352 276 352 276 376 253 376 airplane 0
232 424 259 424 259 445 232 445 airplane 0
345 504 382 504 382 539 345 539 airplane 0
308 533 335 533 335 553 308 553 airplane 0
254 548 269 548 269 565 254 565 airplane 0
280 534 303 534 303 557 280 557 airplane 0
384 85 399 85 399 103 384 103 airplane 0