270 375 321 375 321 425 270 425 airplane 0
181.00000000000003 310.00000000000006 234 310.00000000000006 234 359.00000000000006 181.00000000000003 359.00000000000006 airplane 0
11 141 41 141 41 173 11 173 airplane 0
67 134 96.99999999999999 134 96.99999999999999 164 67 164 airplane 0
129 130 162 130 162 163 129 163 airplane 0
193.99999999999997 133 224 133 224 168.00000000000003 193.99999999999997 168.00000000000003 airplane 0
262 142 293 142 293 180 262 180 airplane 0
322 134 347 134 347 172 322 172 airplane 0
390.99999999999994 129 416.99999999999994 129 416.99999999999994 169 390.99999999999994 169 airplane 0
458 128 488 128 488 167 458 167 airplane 0
593 359.00000000000006 599 359.00000000000006 599 387 593 387 airplane 0