256 401 272 401 272 416 256 416 airplane 0
289 421 303 421 303 437.00000000000006 289 437.00000000000006 airplane 0
321 439.99999999999994 337 439.99999999999994 337 456 321 456 airplane 0
338 450 354 450 354 465.99999999999994 338 465.99999999999994 airplane 0
373 470 387 470 387 486.00000000000006 373 486.00000000000006 airplane 0
390.99999999999994 477 406 477 406 494 390.99999999999994 494 airplane 0
404 488.99999999999994 419 488.99999999999994 419 505 404 505 airplane 0
353 509.00000000000006 370 509.00000000000006 370 528 353 528 airplane 0
335 500 351 500 351 519 335 519 airplane 0
286 470 301 470 301 488 286 488 airplane 0
268 460.00000000000006 285 460.00000000000006 285 478 268 478 airplane 0