312.99999999999994 152 326 152 326 170 312.99999999999994 170 airplane 0
297 157 311 157 311 170 297 170 airplane 0
272 321 284 321 284 335 272 335 airplane 0
258 328 271 328 271 346 258 346 airplane 0
369 108 384 108 384 124 369 124 airplane 0
348 117 361 117 361 130 348 130 airplane 0
323 112 338 112 338 130 323 130 airplane 0
381 74 394 74 394 88 381 88 airplane 0
357 70 371 70 371 88 357 88 airplane 0
333.00000000000006 71 348 71 348 88 333.00000000000006 88 airplane 0
291 69 309 69 309 92 291 92 airplane 0
303 112 315 112 315 133 303 133 airplane 0
276 114 296 114 296 133 276 133 airplane 0
240 75 259 75 259 92 240 92 airplane 0
231 115.00000000000001 249 115.00000000000001 249 136 231 136 airplane 0
255 113 273 113 273 133 255 133 airplane 0
235 20 249 20 249 35 235 35 airplane 0
248 26 259 26 259 38 248 38 airplane 0