523 325 577 325 577 382 523 382 airplane 0
226 457 251 457 251 481 226 481 airplane 0
200 485 222 485 222 510 200 510 airplane 0
174 451 202 451 202 475 174 475 airplane 0
206 396 232.99999999999997 396 232.99999999999997 418 206 418 airplane 0
48 465 86 465 86 512 48 512 airplane 0
83 456 121 456 121 498 83 498 airplane 0
114 478 131 478 131 498 114 498 airplane 0
121 453 145 453 145 476 121 476 airplane 0
2 387.99999999999994 9 387.99999999999994 9 432 2 432 airplane 0
83 383 119 383 119 419 83 419 airplane 0
41 394 71 394 71 438 41 438 airplane 0
24 390 53 390 53 424 24 424 airplane 0
8 400 39 400 39 443 8 443 airplane 0
138 401 161 401 161 419 138 419 airplane 0
59 384 91 384 91 422 59 422 airplane 0