219 248 265 248 265 289 219 289 airplane 0
441 296 470 296 470 323 441 323 airplane 0
444 265 474 265 474 291 444 291 airplane 0
380 434.00000000000006 407 434.00000000000006 407 468 380 468 airplane 0
338.99999999999994 436 366 436 366 467 338.99999999999994 467 airplane 0
261 443 284 443 284 472 261 472 airplane 0
222 439.99999999999994 247 439.99999999999994 247 469 222 469 airplane 0
195 441 216 441 216 465.99999999999994 195 465.99999999999994 airplane 0
13 360 47 360 47 387.99999999999994 13 387.99999999999994 airplane 0
340 327 375 327 375 351 340 351 airplane 0
338.99999999999994 286 377 286 377 307 338.99999999999994 307 airplane 0