183 134 203 134 203 157.99999999999997 183 157.99999999999997 airplane 0
161 135 180 135 180 159 161 159 airplane 0
592 164 599 164 599 179 592 179 airplane 0
260 162 278 162 278 182 260 182 airplane 0
260 185 277 185 277 204.00000000000003 260 204.00000000000003 airplane 0
355 305 366 305 366 315.99999999999994 355 315.99999999999994 airplane 0
344 306 353 306 353 318 344 318 airplane 0
305 304 315.99999999999994 304 315.99999999999994 321 305 321 airplane 0
236 308 244 308 244 318 236 318 airplane 0
130 309 140 309 140 320 130 320 airplane 0
266 332 275 332 275 343 266 343 airplane 0
290 356 300 356 300 368 290 368 airplane 0
74 356 90 356 90 376 74 376 airplane 0
155.00000000000003 357 175 357 175 377 155.00000000000003 377 airplane 0
199 380 222 380 222 399 199 399 airplane 0
500 543 517 543 517 563 500 563 airplane 0
521 540 541 540 541 567 521 567 airplane 0
453 588 469 588 469 599 453 599 airplane 0
491.99999999999994 595 506 595 506 599 491.99999999999994 599 airplane 0