15 96.99999999999999 98 96.99999999999999 98 182 15 182 airplane 0
134 9 183 9 183 54.99999999999999 134 54.99999999999999 airplane 0
174 40 219.99999999999997 40 219.99999999999997 85 174 85 airplane 0
139 96 210 96 210 176 139 176 airplane 0
209 127 271 127 271 187 209 187 airplane 0
169 193.99999999999997 221 193.99999999999997 221 252 169 252 airplane 0
219 262 265 262 265 304 219 304 airplane 0
229 198 286 198 286 257 229 257 airplane 0
268 177 338 177 338 241 268 241 airplane 0
314 204.00000000000003 394 204.00000000000003 394 283 314 283 airplane 0
260 244 322 244 322 308 260 308 airplane 0
285 323 326 323 326 364 285 364 airplane 0
315 288 387.99999999999994 288 387.99999999999994 350 315 350 airplane 0
413.99999999999994 296 483.00000000000006 296 483.00000000000006 379 413.99999999999994 379 airplane 0
464 348 520 348 520 410 464 410 airplane 0
397 386 442 386 442 418 397 418 airplane 0
356 403 398 403 398 429 356 429 airplane 0
358 340 415 340 415 387.99999999999994 358 387.99999999999994 airplane 0
400 441 430 441 430 462.99999999999994 400 462.99999999999994 airplane 0
427 460.00000000000006 456 460.00000000000006 456 485 427 485 airplane 0
445 483.00000000000006 487 483.00000000000006 487 508 445 508 airplane 0
446 428 493 428 493 459 446 459 airplane 0
510 399 568 399 568 460.00000000000006 510 460.00000000000006 airplane 0
562 441 599 441 599 476 562 476 airplane 0
488.99999999999994 508 536 508 536 549 488.99999999999994 549 airplane 0
524 548 585 548 585 596 524 596 airplane 0
558 580 600 580 600 599 558 599 airplane 0
543 474 599 474 599 531 543 531 airplane 0
332 380 361 380 361 401 332 401 airplane 0