331 528 348 528 348 547 331 547 airplane 0
547 462 559 462 559 476 547 476 airplane 0
374 438 387.99999999999994 438 387.99999999999994 451 374 451 airplane 0
373 420 389 420 389 436 373 436 airplane 0
382 379 397 379 397 393 382 393 airplane 0
425 377 439 377 439 395 425 395 airplane 0
284 324 293 324 293 333.00000000000006 284 333.00000000000006 airplane 0
261 322 271 322 271 333.00000000000006 261 333.00000000000006 airplane 0
177 312.99999999999994 186 312.99999999999994 186 327 177 327 airplane 0
0 306 7 306 7 332 0 332 airplane 0
198 312.99999999999994 206 312.99999999999994 206 324 198 324 airplane 0
239 311 250 311 250 323 239 323 airplane 0
186 306 197 306 197 320 186 320 airplane 0
199 298 208 298 208 312.99999999999994 199 312.99999999999994 airplane 0
78.99999999999999 298 93 298 93 312.99999999999994 78.99999999999999 312.99999999999994 airplane 0
239 296 248 296 248 307 239 307 airplane 0
121 297 132 297 132 302 121 302 airplane 0
104 288 116 288 116 303 104 303 airplane 0
169 287 184 287 184 300 169 300 airplane 0
193.99999999999997 285 206.99999999999997 285 206.99999999999997 299 193.99999999999997 299 airplane 0
127 287 136 287 136 296 127 296 airplane 0
262 285 274 285 274 294 262 294 airplane 0
152 284 161 284 161 293 152 293 airplane 0
290 261 299 261 299 271 290 271 airplane 0
121 96.99999999999999 137 96.99999999999999 137 111 121 111 airplane 0
183 66 199 66 199 80 183 80 airplane 0