378 106 398 106 398 130 378 130 airplane 0
296 187 312 187 312 202 296 202 airplane 0
311 205 332 205 332 226 311 226 airplane 0
132 251 154 251 154 272 132 272 airplane 0
415 9 434.00000000000006 9 434.00000000000006 33 415 33 airplane 0
441 18 461 18 461 41 441 41 airplane 0
33 377 54.99999999999999 377 54.99999999999999 402 33 402 airplane 0
13 416 30 416 30 439 13 439 airplane 0
124 452 140 452 140 468 124 468 airplane 0
67 506 78.99999999999999 506 78.99999999999999 516 67 516 airplane 0
81 521 93 521 93 531 81 531 airplane 0
48 550 60 550 60 562 48 562 airplane 0
62 557 73 557 73 568 62 568 airplane 0
7 567 20 567 20 582 7 582 airplane 0
23 577 37 577 37 593 23 593 airplane 0
496 53 513 53 513 73 496 73 airplane 0
532 77 555 77 555 102.00000000000001 532 102.00000000000001 airplane 0