583 127 599 127 599 150 583 150 airplane 0
519 118 537 118 537 136 519 136 airplane 0
570 163 593 163 593 181.00000000000003 570 181.00000000000003 airplane 0
546 221 564 221 564 239 546 239 airplane 0
536 245 552 245 552 265 536 265 airplane 0
508 235 528 235 528 253 508 253 airplane 0
483.00000000000006 214 501 214 501 227 483.00000000000006 227 airplane 0
482 191 503 191 503 206 482 206 airplane 0
501 153 520 153 520 170 501 170 airplane 0
418 193 444 193 444 216 418 216 airplane 0
323 140 345 140 345 160 323 160 airplane 0
478 331 506 331 506 348 478 348 airplane 0
21.000000000000004 302 45 302 45 320 21.000000000000004 320 airplane 0
239 147 257 147 257 165 239 165 airplane 0
255 166 277 166 277 183 255 183 airplane 0
126 165 148 165 148 179 126 179 airplane 0
113 179 130 179 130 196 113 196 airplane 0
64 219 87 219 87 242 64 242 airplane 0
1 10 8 10 8 34 1 34 airplane 0
101 49 121 49 121 67 101 67 airplane 0
46 36 63 36 63 56 46 56 airplane 0
16 68 39 68 39 85 16 85 airplane 0
32 99 54 99 54 119 32 119 airplane 0
13 173 40 173 40 190 13 190 airplane 0
145 241 163 241 163 266 145 266 airplane 0
41 163 54 163 54 175 41 175 airplane 0
195 199 208 199 208 215 195 215 airplane 0