569 444 599 444 599 471 569 471 airplane 0
527 438 590 438 590 521 527 521 airplane 0
457 324 484 324 484 351 457 351 airplane 0
465 302 491 302 491 328 465 328 airplane 0
421 307 439.99999999999994 307 439.99999999999994 324 421 324 airplane 0
329 271 346 271 346 290 329 290 airplane 0
363 278 378 278 378 293 363 293 airplane 0
354 305 371 305 371 320 354 320 airplane 0
353 323 364 323 364 337 353 337 airplane 0
349 335 361 335 361 352 349 352 airplane 0
343 350 354 350 354 364.99999999999994 343 364.99999999999994 airplane 0
337 364.99999999999994 352 364.99999999999994 352 382 337 382 airplane 0
302 385.00000000000006 318 385.00000000000006 318 401 302 401 airplane 0
278 475 297 475 297 496 278 496 airplane 0
139 477 159 477 159 502 139 502 airplane 0
111 488 127 488 127 507 111 507 airplane 0
62 486.00000000000006 78.99999999999999 486.00000000000006 78.99999999999999 503 62 503 airplane 0
135 394 151 394 151 406 135 406 airplane 0
151 390.99999999999994 170 390.99999999999994 170 407 151 407 airplane 0
167 384 185 384 185 399 167 399 airplane 0
184 381 201 381 201 398 184 398 airplane 0
200 382 216 382 216 397 200 397 airplane 0
215 381 231 381 231 394 215 394 airplane 0
223 408.00000000000006 240 408.00000000000006 240 428 223 428 airplane 0
406 170 420 170 420 181.00000000000003 406 181.00000000000003 airplane 0
415 155.00000000000003 430 155.00000000000003 430 168.00000000000003 415 168.00000000000003 airplane 0
396 133 412 133 412 147 396 147 airplane 0
390 148 402 148 402 160 390 160 airplane 0
381 156 394 156 394 169 381 169 airplane 0
374 168.00000000000003 385.00000000000006 168.00000000000003 385.00000000000006 182 374 182 airplane 0
451 146 471 146 471 163 451 163 airplane 0
396 88 411.00000000000006 88 411.00000000000006 100 396 100 airplane 0
386 133 398 133 398 147 386 147 airplane 0
375 143 390 143 390 157.99999999999997 375 157.99999999999997 airplane 0
188 122.99999999999999 206 122.99999999999999 206 139 188 139 airplane 0
178 109 193 109 193 126 178 126 airplane 0
137 147 157 147 157 167 137 167 airplane 0
122.99999999999999 163 142 163 142 179 122.99999999999999 179 airplane 0
122.99999999999999 178 142 178 142 193.99999999999997 122.99999999999999 193.99999999999997 airplane 0
109 178 126 178 126 195 109 195 airplane 0
95 193 114 193 114 209 95 209 airplane 0
81 208 100 208 100 226 81 226 airplane 0
84.00000000000001 446 98 446 98 465.99999999999994 84.00000000000001 465.99999999999994 airplane 0
137 504 163 504 163 527 137 527 airplane 0
109 508 129 508 129 524 109 524 airplane 0
48 502 68 502 68 521 48 521 airplane 0
405 1 423 1 423 17 405 17 airplane 0
369 1 385.00000000000006 1 385.00000000000006 6 369 6 airplane 0
361 1 374 1 374 18 361 18 airplane 0
349 12 363 12 363 28 349 28 airplane 0
338.99999999999994 23 353 23 353 40 338.99999999999994 40 airplane 0
366 50 382 50 382 65 366 65 airplane 0
330 1 346 1 346 10 330 10 airplane 0
324 7 338.99999999999994 7 338.99999999999994 21.000000000000004 324 21.000000000000004 airplane 0