396 96.99999999999999 424 96.99999999999999 424 124 396 124 airplane 0
346 141 380 141 380 170.99999999999997 346 170.99999999999997 airplane 0
370 173 403 173 403 208 370 208 airplane 0
405 164 433 164 433 192 405 192 airplane 0
10 191 36 191 36 221 10 221 airplane 0
3 206 26 206 26 236 3 236 airplane 0
8 237 38 237 38 260 8 260 airplane 0
15 260 45 260 45 283 15 283 airplane 0
76 254 109 254 109 285 76 285 airplane 0
199 298 226 298 226 328 199 328 airplane 0
96 332 121 332 121 354 96 354 airplane 0
107 363 144 363 144 400 107 400 airplane 0
126 394 175 394 175 443 126 443 airplane 0
147 442 203 442 203 503 147 503 airplane 0
237 420 263 420 263 447 237 447 airplane 0
228 387 256 387 256 416 228 416 airplane 0
219 357 244 357 244 387 219 387 airplane 0
302 334 332 334 332 359.00000000000006 302 359.00000000000006 airplane 0
312 364.99999999999994 341 364.99999999999994 341 390.99999999999994 312 390.99999999999994 airplane 0
323 412 346 412 346 436 323 436 airplane 0
306 439.99999999999994 334 439.99999999999994 334 461 306 461 airplane 0
157 515 189 515 189 546 157 546 airplane 0