193.99999999999997 381 208 381 208 402 193.99999999999997 402 airplane 0
153 389 169 389 169 406 153 406 airplane 0
187 297 203 297 203 314 187 314 airplane 0
120 245.99999999999997 147 245.99999999999997 147 269 120 269 airplane 0
14 176 35 176 35 198 14 198 airplane 0
280 274 302 274 302 293 280 293 airplane 0
469 200 487 200 487 219 469 219 airplane 0
509.00000000000006 309 530 309 530 324 509.00000000000006 324 airplane 0
512 382 531 382 531 402 512 402 airplane 0
380 416.99999999999994 400 416.99999999999994 400 434.00000000000006 380 434.00000000000006 airplane 0
289 184 302 184 302 204.00000000000003 289 204.00000000000003 airplane 0
128 456 149 456 149 474 128 474 airplane 0
310.00000000000006 507 326 507 326 520 310.00000000000006 520 airplane 0
354 504 368 504 368 526 354 526 airplane 0
292 461 311 461 311 481 292 481 airplane 0
292 398 308 398 308 413.99999999999994 292 413.99999999999994 airplane 0
369 185 389 185 389 203 369 203 airplane 0
370 166 380 166 380 177 370 177 airplane 0
319 152 332 152 332 170 319 170 airplane 0
578 306 596 306 596 324 578 324 airplane 0