71 292 103 292 103 315.99999999999994 71 315.99999999999994 airplane 0
82 260 111 260 111 285 82 285 airplane 0
91 234 121 234 121 258 91 258 airplane 0
137 177 163 177 163 199 137 199 airplane 0
73 162 92 162 92 180 73 180 airplane 0
40 142 68 142 68 170 40 170 airplane 0
14 137 38 137 38 163 14 163 airplane 0
0 85 5 85 5 103 0 103 airplane 0
51.00000000000001 37 77 37 77 63 51.00000000000001 63 airplane 0
58 1 87 1 87 28 58 28 airplane 0
75 85 103 85 103 114 75 114 airplane 0
102.00000000000001 93 129 93 129 122 102.00000000000001 122 airplane 0
131 61 161 61 161 87 131 87 airplane 0
214 124 237 124 237 150 214 150 airplane 0
161 189 176 189 176 206 161 206 airplane 0
172 182 185 182 185 199 172 199 airplane 0
209 198 235 198 235 221 209 221 airplane 0
258 430 290 430 290 456 258 456 airplane 0
269 406 298 406 298 429 269 429 airplane 0
284 343 317 343 317 369 284 369 airplane 0
306 278 337 278 337 302 306 302 airplane 0
317 239 347 239 347 268 317 268 airplane 0
332 188 354 188 354 206.99999999999997 332 206.99999999999997 airplane 0
368 322 379 322 379 331 368 331 airplane 0
353 325 368 325 368 338 353 338 airplane 0
349 337 363 337 363 350 349 350 airplane 0
358 349 375 349 375 362.00000000000006 358 362.00000000000006 airplane 0
341.99999999999994 350 357 350 357 363 341.99999999999994 363 airplane 0
338 366 353 366 353 377 338 377 airplane 0
335 378 352 378 352 392 335 392 airplane 0
329 394 362.00000000000006 394 362.00000000000006 420 329 420 airplane 0
393 386 424 386 424 411.00000000000006 393 411.00000000000006 airplane 0
413 373 427 373 427 386 413 386 airplane 0
405 364.99999999999994 416 364.99999999999994 416 378 405 378 airplane 0
406 351 422 351 422 364 406 364 airplane 0
418 361 432 361 432 375 418 375 airplane 0
412 335 428 335 428 349 412 349 airplane 0
423 348 437.00000000000006 348 437.00000000000006 361 423 361 airplane 0