25 411.00000000000006 37 411.00000000000006 37 424 25 424 airplane 0
260 404 295 404 295 441 260 441 airplane 0
325 477 350 477 350 505 325 505 airplane 0
373 487 395 487 395 511 373 511 airplane 0
482 402 515 402 515 439.99999999999994 482 439.99999999999994 airplane 0
462.99999999999994 412 485 412 485 435 462.99999999999994 435 airplane 0
231 405 260 405 260 439 231 439 airplane 0
197 454 222 454 222 486.00000000000006 197 486.00000000000006 airplane 0
237 455 262 455 262 483.00000000000006 237 483.00000000000006 airplane 0
552 435 573 435 573 457 552 457 airplane 0
552 455 575 455 575 476 552 476 airplane 0
77 434.00000000000006 98 434.00000000000006 98 458 77 458 airplane 0
145 413 167 413 167 436 145 436 airplane 0
25 444 38 444 38 458 25 458 airplane 0
40 444 52 444 52 457 40 457 airplane 0
51.00000000000001 444 65 444 65 457 51.00000000000001 457 airplane 0
326 25 359.00000000000006 25 359.00000000000006 54 326 54 airplane 0
145 31 176 31 176 58 145 58 airplane 0