520 190 568 190 568 245 520 245 airplane 0
561 218 599 218 599 264 561 264 airplane 0
425 244 454 244 454 273 425 273 airplane 0
401 225 430 225 430 260 401 260 airplane 0
491 406 542 406 542 451 491 451 airplane 0
395 305 447 305 447 353 395 353 airplane 0
327 257 376 257 376 312.99999999999994 327 312.99999999999994 airplane 0
322 143 352 143 352 169 322 169 airplane 0
250 104 288 104 288 138 250 138 airplane 0
250 188 282 188 282 214 250 214 airplane 0
236 170 265 170 265 198 236 198 airplane 0
224 210 264 210 264 247 224 247 airplane 0
136 177 172 177 172 204.00000000000003 136 204.00000000000003 airplane 0
32 56 88 56 88 122 32 122 airplane 0
114 357 165 357 165 403 114 403 airplane 0
40 261 63 261 63 284 40 284 airplane 0
24 287 44 287 44 309 24 309 airplane 0
1 231 21.000000000000004 231 21.000000000000004 256 1 256 airplane 0
429 217.00000000000003 465 217.00000000000003 465 245.99999999999997 429 245.99999999999997 airplane 0
184 56 227 56 227 87 184 87 airplane 0