286 215 310.00000000000006 215 310.00000000000006 244 286 244 airplane 0
362.00000000000006 273 384 273 384 299 362.00000000000006 299 airplane 0
71 373 101 373 101 402 71 402 airplane 0
4 286 38 286 38 312 4 312 airplane 0
284 467 314 467 314 494 284 494 airplane 0
426 319 448 319 448 344 426 344 airplane 0
450 338 469 338 469 361 450 361 airplane 0
469 353 491 353 491 381 469 381 airplane 0
493 368 516 368 516 396 493 396 airplane 0
513 385.00000000000006 537 385.00000000000006 537 415 513 415 airplane 0
535 399 560 399 560 428 535 428 airplane 0