204.00000000000003 505 234 505 234 537 204.00000000000003 537 airplane 0
201 476 239 476 239 511 201 511 airplane 0
1 320 32 320 32 347 1 347 airplane 0
63 283 92 283 92 309 63 309 airplane 0
14 276 52 276 52 305 14 305 airplane 0
45 105 74 105 74 132 45 132 airplane 0
143 119 173 119 173 151 143 151 airplane 0
131 60 163 60 163 96.99999999999999 131 96.99999999999999 airplane 0
434.00000000000006 134 459 134 459 163 434.00000000000006 163 airplane 0
404 136 432 136 432 163 404 163 airplane 0
486.00000000000006 34 519 34 519 59 486.00000000000006 59 airplane 0
559 488 599 488 599 531 559 531 airplane 0
308 83 340 83 340 109.99999999999999 308 109.99999999999999 airplane 0