0 215 25 215 25 251 0 251 airplane 0
122 461 154 461 154 488 122 488 airplane 0
129 390.99999999999994 157 390.99999999999994 157 430 129 430 airplane 0
227 319 265 319 265 350 227 350 airplane 0
238 272 272 272 272 309 238 309 airplane 0
304 266 331 266 331 299 304 299 airplane 0
279 392 308 392 308 423 279 423 airplane 0
362.00000000000006 275 389 275 389 306 362.00000000000006 306 airplane 0
425 299 454 299 454 327 425 327 airplane 0
408.00000000000006 382 439.99999999999994 382 439.99999999999994 413 408.00000000000006 413 airplane 0
416 431 445 431 445 458 416 458 airplane 0
453 540 480 540 480 569 453 569 airplane 0
495 453 525 453 525 491 495 491 airplane 0
553 411.00000000000006 589 411.00000000000006 589 438 553 438 airplane 0
571 300 599 300 599 330 571 330 airplane 0