297 0 319 0 319 8 297 8 airplane 0
377 180 387.99999999999994 180 387.99999999999994 188 377 188 airplane 0
296 180 305 180 305 189 296 189 airplane 0
380 187 389 187 389 193 380 193 airplane 0
472 197 485 197 485 206.99999999999997 472 206.99999999999997 airplane 0
555 198 563 198 563 206 555 206 airplane 0
585 200 597 200 597 209 585 209 airplane 0
585 217.00000000000003 597 217.00000000000003 597 227 585 227 airplane 0
430 231 438 231 438 242 430 242 airplane 0
416.99999999999994 232 426 232 426 241 416.99999999999994 241 airplane 0
374 231 384 231 384 245 374 245 airplane 0
385.00000000000006 232 396 232 396 245 385.00000000000006 245 airplane 0
356 231 368 231 368 245.99999999999997 356 245.99999999999997 airplane 0
583 235 595 235 595 245 583 245 airplane 0
527 235 544 235 544 245 527 245 airplane 0
410 236 419 236 419 245 410 245 airplane 0
426 237 434.00000000000006 237 434.00000000000006 245 426 245 airplane 0
435 237 445 237 445 245.99999999999997 435 245.99999999999997 airplane 0
294 242 311 242 311 254 294 254 airplane 0
527 247 540 247 540 255 527 255 airplane 0
583 245.99999999999997 597 245.99999999999997 597 257 583 257 airplane 0
551 247 560 247 560 256 551 256 airplane 0
277 248 292 248 292 258 277 258 airplane 0
544 252 557 252 557 260 544 260 airplane 0
269 251 286 251 286 262 269 262 airplane 0
531 252 542 252 542 261 531 261 airplane 0
286 251 304 251 304 264 286 264 airplane 0
527 257 538 257 538 264 527 264 airplane 0
547 260 559 260 559 266 547 266 airplane 0
584 260 595 260 595 270 584 270 airplane 0
542 266 557 266 557 274 542 274 airplane 0
547 271 559 271 559 279 547 279 airplane 0
528 271 539 271 539 279 528 279 airplane 0
580 273 589 273 589 281 580 281 airplane 0
564 275 576 275 576 290 564 290 airplane 0
548 279 559 279 559 286 548 286 airplane 0
542 283 557 283 557 291 542 291 airplane 0
531 283 542 283 542 293 531 293 airplane 0
405 285 415 285 415 295 405 295 airplane 0
529 289 539 289 539 298 529 298 airplane 0
580 290 595 290 595 298 580 298 airplane 0
581 296 589 296 589 303 581 303 airplane 0
400 296 411.00000000000006 296 411.00000000000006 304 400 304 airplane 0
540 295 555 295 555 306 540 306 airplane 0
547 302 560 302 560 311 547 311 airplane 0
394 304 409 304 409 314 394 314 airplane 0
582 306 595 306 595 318 582 318 airplane 0
524 312 543 312 543 328 524 328 airplane 0
393 317 410 317 410 328 393 328 airplane 0
546 321 557 321 557 329 546 329 airplane 0
574 321 585 321 585 331 574 331 airplane 0
541 326 554 326 554 336.00000000000006 541 336.00000000000006 airplane 0
361 328 378 328 378 344 361 344 airplane 0
393 330 411.00000000000006 330 411.00000000000006 341.99999999999994 393 341.99999999999994 airplane 0
531 333.00000000000006 542 333.00000000000006 542 341.99999999999994 531 341.99999999999994 airplane 0
542 341.99999999999994 557 341.99999999999994 557 353 542 353 airplane 0
395 343 409 343 409 353 395 353 airplane 0
71 343 81 343 81 354 71 354 airplane 0
71 355 81 355 81 368 71 368 airplane 0
34 353 47 353 47 371 34 371 airplane 0
543 358 553 358 553 366 543 366 airplane 0
20 353 34 353 34 372 20 372 airplane 0
59 356 70 356 70 370 59 370 airplane 0
48 354 61 354 61 372 48 372 airplane 0
94 355 109.99999999999999 355 109.99999999999999 372 94 372 airplane 0
361 359.00000000000006 377 359.00000000000006 377 370 361 370 airplane 0
116 356 130 356 130 374 116 374 airplane 0
145 358 161 358 161 375 145 375 airplane 0
199 359.00000000000006 212 359.00000000000006 212 375 199 375 airplane 0
161 358 177 358 177 376 161 376 airplane 0
130 358 144 358 144 376 130 376 airplane 0
189 367 198 367 198 376 189 376 airplane 0
543 373 555 373 555 383 543 383 airplane 0
358 371 377 371 377 387 358 387 airplane 0
396 377 408.00000000000006 377 408.00000000000006 387.99999999999994 396 387.99999999999994 airplane 0
488.99999999999994 385.00000000000006 502 385.00000000000006 502 397 488.99999999999994 397 airplane 0
527 389 539 389 539 400 527 400 airplane 0
387 387.99999999999994 411.00000000000006 387.99999999999994 411.00000000000006 405 387 405 airplane 0
46 390 63 390 63 411.00000000000006 46 411.00000000000006 airplane 0
160 395 170.99999999999997 395 170.99999999999997 411.00000000000006 160 411.00000000000006 airplane 0
147 395 159 395 159 411.00000000000006 147 411.00000000000006 airplane 0
132 396 148 396 148 412 132 412 airplane 0
117 397 132 397 132 411.00000000000006 117 411.00000000000006 airplane 0
36 398 45 398 45 410 36 410 airplane 0
100 395 118 395 118 415 100 415 airplane 0
199 401 218 401 218 420 199 420 airplane 0
247 401 266 401 266 421 247 421 airplane 0
224 402 245 402 245 422 224 422 airplane 0
387 405 410 405 410 420 387 420 airplane 0
464 416 485 416 485 432 464 432 airplane 0
172 573 189 573 189 589 172 589 airplane 0
188 580 205 580 205 596 188 596 airplane 0
203 594 219.99999999999997 594 219.99999999999997 599 203 599 airplane 0