24 175 37 175 37 189 24 189 airplane 0
272 157 309 157 309 195 272 195 airplane 0
341 90 366 90 366 119 341 119 airplane 0
390.99999999999994 83 413.99999999999994 83 413.99999999999994 108 390.99999999999994 108 airplane 0
506 157.99999999999997 540 157.99999999999997 540 198 506 198 airplane 0
486.00000000000006 163 508 163 508 187 486.00000000000006 187 airplane 0
241 159 271 159 271 193.99999999999997 241 193.99999999999997 airplane 0
205 109.99999999999999 232 109.99999999999999 232 143 205 143 airplane 0
248 113 273 113 273 142 248 142 airplane 0
580 140 599 140 599 164 580 164 airplane 0
580 120 599 120 599 143 580 143 airplane 0
78.99999999999999 139 101 139 101 164 78.99999999999999 164 airplane 0
151 162 174 162 174 186 151 186 airplane 0
24 139 38 139 38 154 24 154 airplane 0
40 140 53 140 53 154 40 154 airplane 0
51.00000000000001 140 66 140 66 154 51.00000000000001 154 airplane 0
341.99999999999994 565 376 565 376 595 341.99999999999994 595 airplane 0
151 561 184 561 184 589 151 589 airplane 0