1 0 14 0 14 22 1 22 airplane 0
211 226 229 226 229 239 211 239 airplane 0
213 256 234 256 234 272 213 272 airplane 0
214 271 234 271 234 284 214 284 airplane 0
212 287 234 287 234 300 212 300 airplane 0
214 301 235 301 235 315 214 315 airplane 0
245 265 265 265 265 282 245 282 airplane 0
248 281 271 281 271 298 248 298 airplane 0
250 297 270 297 270 310.00000000000006 250 310.00000000000006 airplane 0
250 343 268 343 268 358 250 358 airplane 0
229 346 247 346 247 361 229 361 airplane 0
280 340 295 340 295 354 280 354 airplane 0
282 369 296 369 296 380 282 380 airplane 0
285 393 298 393 298 405 285 405 airplane 0