530 85 570 85 570 119 530 119 airplane 0
520 72 553 72 553 101 520 101 airplane 0
485 71 516 71 516 106 485 106 airplane 0
455 69 485 69 485 107 455 107 airplane 0
430 142 474 142 474 184 430 184 airplane 0
350 146 382 146 382 176 350 176 airplane 0
290 147 334 147 334 191 290 191 airplane 0
232.99999999999997 149 292 149 292 217.00000000000003 232.99999999999997 217.00000000000003 airplane 0
149 157 229 157 229 232 149 232 airplane 0
103 161 143 161 143 201 103 201 airplane 0
350 272 390 272 390 310.00000000000006 350 310.00000000000006 airplane 0
274 277 314 277 314 312 274 312 airplane 0
237 281 274 281 274 318 237 318 airplane 0
199 283 235 283 235 317 199 317 airplane 0
161 359.00000000000006 195 359.00000000000006 195 394 161 394 airplane 0
187 386 221 386 221 416.99999999999994 187 416.99999999999994 airplane 0
241 387.99999999999994 276 387.99999999999994 276 422 241 422 airplane 0
279 385.00000000000006 314 385.00000000000006 314 422 279 422 airplane 0
531 563 565 563 565 598 531 598 airplane 0
490 488.99999999999994 530 488.99999999999994 530 538 490 538 airplane 0
444 506 486.00000000000006 506 486.00000000000006 550 444 550 airplane 0
447 549 484 549 484 589 447 589 airplane 0