56 228 122 228 122 305 56 305 airplane 0
31 304 105 304 105 386 31 386 airplane 0
205 312.99999999999994 252 312.99999999999994 252 356 205 356 airplane 0
47 482 91 482 91 522 47 522 airplane 0
92 477 143 477 143 523 92 523 airplane 0
130 514 176 514 176 553 130 553 airplane 0
419 413.99999999999994 452 413.99999999999994 452 462 419 462 airplane 0
448 324 483.00000000000006 324 483.00000000000006 375 448 375 airplane 0
462 268 491.99999999999994 268 491.99999999999994 310.00000000000006 462 310.00000000000006 airplane 0
474 217.00000000000003 511 217.00000000000003 511 271 474 271 airplane 0
487 173 524 173 524 219 487 219 airplane 0
501 109 542 109 542 163 501 163 airplane 0
413.99999999999994 521 451 521 451 568 413.99999999999994 568 airplane 0
523 433 568 433 568 486.00000000000006 523 486.00000000000006 airplane 0