284 283 328 283 328 330 284 330 airplane 0
410 244 447 244 447 273 410 273 airplane 0
81 204.00000000000003 112 204.00000000000003 112 230.00000000000003 81 230.00000000000003 airplane 0
105 155.00000000000003 139 155.00000000000003 139 182 105 182 airplane 0
404 286 442 286 442 312 404 312 airplane 0
500 292 532 292 532 315.99999999999994 500 315.99999999999994 airplane 0
498 321 526 321 526 344 498 344 airplane 0
469 141 496 141 496 170.99999999999997 469 170.99999999999997 airplane 0
429 136 460.00000000000006 136 460.00000000000006 164 429 164 airplane 0
355 118 383 118 383 148 355 148 airplane 0
319 113 348 113 348 142 319 142 airplane 0
291 109 315.99999999999994 109 315.99999999999994 141 291 141 airplane 0