289 88 312.99999999999994 88 312.99999999999994 107 289 107 airplane 0
350 86 371 86 371 99 350 99 airplane 0
350 103 364.99999999999994 103 364.99999999999994 118 350 118 airplane 0
349 120 371 120 371 131 349 131 airplane 0
351 133 372 133 372 147 351 147 airplane 0
351 149 376 149 376 165 351 165 airplane 0
352 195 371 195 371 208 352 208 airplane 0
351 209 373 209 373 226 351 226 airplane 0
355 225 372 225 372 242 355 242 airplane 0
364.99999999999994 249 382 249 382 264 364.99999999999994 264 airplane 0
355 258 371 258 371 271 355 271 airplane 0
276 294 305 294 305 320 276 320 airplane 0
241 291 261 291 261 307 241 307 airplane 0
223 287 242 287 242 304 223 304 airplane 0
314 335 355 335 355 372 314 372 airplane 0
294 393 320 393 320 415 294 415 airplane 0
279 387.99999999999994 297 387.99999999999994 297 405 279 405 airplane 0
268 377 282 377 282 393 268 393 airplane 0
250 422 283 422 283 452 250 452 airplane 0
232.99999999999997 411.00000000000006 259 411.00000000000006 259 436 232.99999999999997 436 airplane 0
206.99999999999997 473 231 473 231 494 206.99999999999997 494 airplane 0
200 493 226 493 226 514 200 514 airplane 0
186 513 212 513 212 537 186 537 airplane 0
180 537 193 537 193 549 180 549 airplane 0