590 129 599 129 599 145 590 145 airplane 0
564 134 578 134 578 151 564 151 airplane 0
534 144 550 144 550 163 534 163 airplane 0
588 147 599 147 599 163 588 163 airplane 0
496 151 509.00000000000006 151 509.00000000000006 168.00000000000003 496 168.00000000000003 airplane 0
512 151 528 151 528 170 512 170 airplane 0
588 157 599 157 599 174 588 174 airplane 0
500 164 512 164 512 183 500 183 airplane 0
587 172 599 172 599 188 587 188 airplane 0
527 177 540 177 540 196 527 196 airplane 0
499 181.00000000000003 515 181.00000000000003 515 195 499 195 airplane 0
515 187 528 187 528 203 515 203 airplane 0
587 195 599 195 599 206.99999999999997 587 206.99999999999997 airplane 0
501 196 515 196 515 212 501 212 airplane 0
536 208 548 208 548 226 536 226 airplane 0
519 209 532 209 532 228 519 228 airplane 0
503 217.00000000000003 515 217.00000000000003 515 232.99999999999997 503 232.99999999999997 airplane 0
267 209 300 209 300 245.99999999999997 267 245.99999999999997 airplane 0
528 231 541 231 541 245 528 245 airplane 0
132 320 150 320 150 343 132 343 airplane 0
544 564 552 564 552 573 544 573 airplane 0
531 568 538 568 538 577 531 577 airplane 0
505 568 513 568 513 580 505 580 airplane 0
518 571 526 571 526 580 518 580 airplane 0
493 571 503 571 503 581 493 581 airplane 0
482 572 488.99999999999994 572 488.99999999999994 584 482 584 airplane 0
591 587 599 587 599 599 591 599 airplane 0