141 516 217.00000000000003 516 217.00000000000003 597 141 597 airplane 0
122 407 219 407 219 491.99999999999994 122 491.99999999999994 airplane 0
122.99999999999999 238 173 238 173 293 122.99999999999999 293 airplane 0
107 122 189 122 189 205 107 205 airplane 0
96.99999999999999 16 182 16 182 106 96.99999999999999 106 airplane 0
366 546 416.99999999999994 546 416.99999999999994 597 366 597 airplane 0
371 467 413 467 413 508 371 508 airplane 0
355 296 397 296 397 338 355 338 airplane 0
349 203 401 203 401 257 349 257 airplane 0
343 23 389 23 389 71 343 71 airplane 0
347 112 404 112 404 167 347 167 airplane 0