82 144 104 144 104 161 82 161 airplane 0
82 187 106 187 106 206.99999999999997 82 206.99999999999997 airplane 0
439 272 459 272 459 295 439 295 airplane 0
341.99999999999994 268 369 268 369 301 341.99999999999994 301 airplane 0
416.99999999999994 275 435 275 435 297 416.99999999999994 297 airplane 0
382 274 408.00000000000006 274 408.00000000000006 306 382 306 airplane 0
92 290 105 290 105 303 92 303 airplane 0
95 312 107 312 107 324 95 324 airplane 0
366 45 392 45 392 76 366 76 airplane 0
396 47 431 47 431 75 396 75 airplane 0
455 50 474 50 474 76 455 76 airplane 0
100 63 119 63 119 78 100 78 airplane 0
474 64 488 64 488 78 474 78 airplane 0
493 66 508 66 508 80 493 80 airplane 0