296 349 343 349 343 396 296 396 airplane 0
378 288 427 288 427 334 378 334 airplane 0
559 129 587 129 587 159 559 159 airplane 0
506 122 534 122 534 150 506 150 airplane 0
445 119 476 119 476 150 445 150 airplane 0
387 122 415 122 415 154 387 154 airplane 0
322 130 351 130 351 165 322 165 airplane 0
271 122 294 122 294 157 271 157 airplane 0
205 118 230.00000000000003 118 230.00000000000003 156 205 156 airplane 0
139 117 167 117 167 153 139 153 airplane 0
16 392 39 392 39 413.99999999999994 16 413.99999999999994 airplane 0
16 204.00000000000003 39 204.00000000000003 39 228 16 228 airplane 0
11 252 30 252 30 277 11 277 airplane 0
17 334 40 334 40 360 17 360 airplane 0