287 129 303 129 303 147 287 147 airplane 0
93 193.99999999999997 104 193.99999999999997 104 206.99999999999997 93 206.99999999999997 airplane 0
251 217.00000000000003 264 217.00000000000003 264 229 251 229 airplane 0
250 231 265 231 265 245.99999999999997 250 245.99999999999997 airplane 0
243.00000000000003 270 257 270 257 283 243.00000000000003 283 airplane 0
204.00000000000003 268 216 268 216 285 204.00000000000003 285 airplane 0
338 325 347 325 347 334 338 334 airplane 0
358 325 368 325 368 336.00000000000006 358 336.00000000000006 airplane 0
437.00000000000006 332 445 332 445 344 437.00000000000006 344 airplane 0
419 334 426 334 426 344 419 344 airplane 0
378 335 387.99999999999994 335 387.99999999999994 346 378 346 airplane 0
427 338 437.00000000000006 338 437.00000000000006 351 427 351 airplane 0
416.99999999999994 345 425 345 425 359.00000000000006 416.99999999999994 359.00000000000006 airplane 0
523 345 535 345 535 359.00000000000006 523 359.00000000000006 airplane 0
379 350 387.99999999999994 350 387.99999999999994 359.00000000000006 379 359.00000000000006 airplane 0
487 354 497 354 497 359.00000000000006 487 359.00000000000006 airplane 0
501 354 513 354 513 368 501 368 airplane 0
439 356 453 356 453 368 439 368 airplane 0
418 357 429 357 429 370 418 370 airplane 0
483.00000000000006 360 491.99999999999994 360 491.99999999999994 369 483.00000000000006 369 airplane 0
356 361 367 361 367 370 356 370 airplane 0
460.00000000000006 363 469 363 469 371 460.00000000000006 371 airplane 0
333.00000000000006 383 341 383 341 392 333.00000000000006 392 airplane 0
483.00000000000006 531 498 531 498 544 483.00000000000006 544 airplane 0
425 560 439.99999999999994 560 439.99999999999994 572 425 572 airplane 0