130 390 143 390 143 408.00000000000006 130 408.00000000000006 airplane 0
149 394 165 394 165 413 149 413 airplane 0
185 394 208 394 208 418 185 418 airplane 0
229 402 244 402 244 419 229 419 airplane 0
211 490 226 490 226 509.00000000000006 211 509.00000000000006 airplane 0
227 491 244 491 244 510 227 510 airplane 0
219 519 244 519 244 539 219 539 airplane 0
364.99999999999994 533 384 533 384 557 364.99999999999994 557 airplane 0
404 534 422 534 422 555 404 555 airplane 0
436 508 456 508 456 527 436 527 airplane 0
411.00000000000006 382 434.00000000000006 382 434.00000000000006 409 411.00000000000006 409 airplane 0
464 473 482 473 482 496 464 496 airplane 0
498 512 514 512 514 533 498 533 airplane 0
488.99999999999994 468 523 468 523 499 488.99999999999994 499 airplane 0
528 472 561 472 561 504 528 504 airplane 0
571 461 598 461 598 494 571 494 airplane 0
504 394 523 394 523 415 504 415 airplane 0
574 389 597 389 597 421 574 421 airplane 0