551 199 586 199 586 240 551 240 airplane 0
472 376 496 376 496 407 472 407 airplane 0
477 83 500 83 500 103 477 103 airplane 0
416 95 439.99999999999994 95 439.99999999999994 119 416 119 airplane 0
390 105 416 105 416 131 390 131 airplane 0
309 111 338 111 338 139 309 139 airplane 0
209 120 239 120 239 146 209 146 airplane 0
190 52 226 52 226 83 190 83 airplane 0
73 169 93 169 93 198 73 198 airplane 0
108 234 129 234 129 256 108 256 airplane 0
1 248 22 248 22 268 1 268 airplane 0
156 410 182 410 182 432 156 432 airplane 0
129 480 149 480 149 504 129 504 airplane 0
96.99999999999999 436 126 436 126 462 96.99999999999999 462 airplane 0
185 535 210 535 210 558 185 558 airplane 0
134 507 164 507 164 535 134 535 airplane 0
60 536 84.00000000000001 536 84.00000000000001 557 60 557 airplane 0
58 565 80 565 80 584 58 584 airplane 0