521 409 545 409 545 435 521 435 airplane 0
566 487 578 487 578 498 566 498 airplane 0
476 396 494 396 494 421 476 421 airplane 0
475 516 498 516 498 542 475 542 airplane 0
537 530 565 530 565 559 537 559 airplane 0
455 585 470 585 470 597 455 597 airplane 0
439.99999999999994 580 455 580 455 591 439.99999999999994 591 airplane 0
119 457 137 457 137 474 119 474 airplane 0
134 411.00000000000006 153 411.00000000000006 153 431 134 431 airplane 0
157.99999999999997 418 179 418 179 445 157.99999999999997 445 airplane 0
189 433 206.99999999999997 433 206.99999999999997 445 189 445 airplane 0
216 387.99999999999994 229 387.99999999999994 229 400 216 400 airplane 0
166 371 184 371 184 389 166 389 airplane 0
138 357 159 357 159 373 138 373 airplane 0
195 317 213 317 213 336.00000000000006 195 336.00000000000006 airplane 0
219.99999999999997 324 236 324 236 341.99999999999994 219.99999999999997 341.99999999999994 airplane 0
247 330 275 330 275 359.00000000000006 247 359.00000000000006 airplane 0