44 185 70 185 70 217.00000000000003 44 217.00000000000003 airplane 0
93 169 121 169 121 205 93 205 airplane 0
293 161 322 161 322 193 293 193 airplane 0
331 170.99999999999997 360 170.99999999999997 360 203 331 203 airplane 0
427 206 454 206 454 239 427 239 airplane 0
472 230.00000000000003 497 230.00000000000003 497 260 472 260 airplane 0
548 297 575 297 575 321 548 321 airplane 0
570 329 595 329 595 352 570 352 airplane 0
590 350 599 350 599 375 590 375 airplane 0
85 45 109.99999999999999 45 109.99999999999999 76 85 76 airplane 0
146 48 174 48 174 80 146 80 airplane 0
179 49 206.99999999999997 49 206.99999999999997 80 179 80 airplane 0
280 51.00000000000001 310.00000000000006 51.00000000000001 310.00000000000006 82 280 82 airplane 0
517 54.99999999999999 542 54.99999999999999 542 88 517 88 airplane 0