393 324 416 324 416 353 393 353 airplane 0
15 472 44 472 44 498 15 498 airplane 0
451 229 477 229 477 254 451 254 airplane 0
418 227 439 227 439 252 418 252 airplane 0
378 222 400 222 400 250 378 250 airplane 0
575 243.00000000000003 592 243.00000000000003 592 263 575 263 airplane 0
561 245.99999999999997 576 245.99999999999997 576 265 561 265 airplane 0
546 243.00000000000003 560 243.00000000000003 560 265 546 265 airplane 0
559 196 576 196 576 215 559 215 airplane 0
541 196 556 196 556 214 541 214 airplane 0
346 234 360 234 360 244 346 244 airplane 0