82 157 102.00000000000001 157 102.00000000000001 177 82 177 airplane 0
166 230.00000000000003 183 230.00000000000003 183 245 166 245 airplane 0
320 226 338.99999999999994 226 338.99999999999994 245 320 245 airplane 0
177 155.00000000000003 199 155.00000000000003 199 179 177 179 airplane 0
179 132 199 132 199 155.00000000000003 179 155.00000000000003 airplane 0
137 124 156 124 156 141 137 141 airplane 0
41 284 59 284 59 300 41 300 airplane 0
113 400 129 400 129 419 113 419 airplane 0
37 229 57 229 57 245.99999999999997 37 245.99999999999997 airplane 0
115.00000000000001 232 128 232 128 242 115.00000000000001 242 airplane 0
0 139 14 139 14 157.99999999999997 0 157.99999999999997 airplane 0
474 165 488 165 488 183 474 183 airplane 0
122 484 137 484 137 506 122 506 airplane 0
0 484 9 484 9 507 0 507 airplane 0
54.99999999999999 543 73 543 73 567 54.99999999999999 567 airplane 0
526 165 537 165 537 183 526 183 airplane 0
583 151 597 151 597 167 583 167 airplane 0
373 3 385.00000000000006 3 385.00000000000006 19 373 19 airplane 0
178 8 196 8 196 28 178 28 airplane 0
8 67 28 67 28 86 8 86 airplane 0
532 111 546 111 546 126 532 126 airplane 0
486.00000000000006 118 505 118 505 135 486.00000000000006 135 airplane 0
507 164 521 164 521 182 507 182 airplane 0
486.00000000000006 138 504 138 504 153 486.00000000000006 153 airplane 0
493 155.00000000000003 506 155.00000000000003 506 170 493 170 airplane 0
490 7 506 7 506 21.000000000000004 490 21.000000000000004 airplane 0
490 0 508 0 508 5 490 5 airplane 0
434.00000000000006 0 457 0 457 6 434.00000000000006 6 airplane 0
392 0 415 0 415 2 392 2 airplane 0
131 0 154 0 154 5 131 5 airplane 0
531 130 549 130 549 145 531 145 airplane 0
124 510 142 510 142 532 124 532 airplane 0