133 273 146 273 146 288 133 288 airplane 0
92 225 101 225 101 234 92 234 airplane 0
96.99999999999999 232.99999999999997 108 232.99999999999997 108 241 96.99999999999999 241 airplane 0
63 214 74 214 74 227 63 227 airplane 0
54.99999999999999 219.99999999999997 67 219.99999999999997 67 231 54.99999999999999 231 airplane 0
47 227 57 227 57 237 47 237 airplane 0
173 245.99999999999997 183 245.99999999999997 183 256 173 256 airplane 0
219 188 232 188 232 200 219 200 airplane 0
226 200 240 200 240 213 226 213 airplane 0
237 234 253 234 253 250 237 250 airplane 0
219 243.00000000000003 234 243.00000000000003 234 261 219 261 airplane 0
235 257 247 257 247 272 235 272 airplane 0
238 215 250 215 250 226 238 226 airplane 0
236 276 247 276 247 286 236 286 airplane 0
242 286 253 286 253 296 242 296 airplane 0
204.00000000000003 284 215 284 215 297 204.00000000000003 297 airplane 0
195 292 205 292 205 304 195 304 airplane 0
186 300 196 300 196 311 186 311 airplane 0
271 322 285 322 285 333.00000000000006 271 333.00000000000006 airplane 0
228 325 240 325 240 337 228 337 airplane 0
197 322 206 322 206 333.00000000000006 197 333.00000000000006 airplane 0
210 300 219 300 219 310.00000000000006 210 310.00000000000006 airplane 0
223 318 231 318 231 326 223 326 airplane 0
258 305 267 305 267 315 258 315 airplane 0
332 182 338.99999999999994 182 338.99999999999994 191 332 191 airplane 0
302 209 310.00000000000006 209 310.00000000000006 219 302 219 airplane 0
314 225 324 225 324 236 314 236 airplane 0
327 239 338 239 338 250 327 250 airplane 0
336.00000000000006 252 347 252 347 263 336.00000000000006 263 airplane 0
346 265 355 265 355 274 346 274 airplane 0
361 273 369 273 369 281 361 281 airplane 0
358 276 372 276 372 289 358 289 airplane 0
368 291 381 291 381 303 368 303 airplane 0
378 295 385.00000000000006 295 385.00000000000006 303 378 303 airplane 0
382 309 392 309 392 319 382 319 airplane 0
402 315 411.00000000000006 315 411.00000000000006 325 402 325 airplane 0
377 266 387.99999999999994 266 387.99999999999994 278 377 278 airplane 0
186 267 193 267 193 278 186 278 airplane 0
170.99999999999997 277 181.00000000000003 277 181.00000000000003 288 170.99999999999997 288 airplane 0
166 283 174 283 174 295 166 295 airplane 0
157.99999999999997 288 166 288 166 297 157.99999999999997 297 airplane 0
149 294 157.99999999999997 294 157.99999999999997 305 149 305 airplane 0
245 347 255 347 255 359.00000000000006 245 359.00000000000006 airplane 0
378 201 390.99999999999994 201 390.99999999999994 212 378 212 airplane 0
392 212 401 212 401 222 392 222 airplane 0
390.99999999999994 218 402 218 402 228 390.99999999999994 228 airplane 0
400 221 407 221 407 229 400 229 airplane 0
372 227 380 227 380 234 372 234 airplane 0
377 226 390.99999999999994 226 390.99999999999994 238 377 238 airplane 0
380 238 390.99999999999994 238 390.99999999999994 245 380 245 airplane 0
387.99999999999994 238 402 238 402 251 387.99999999999994 251 airplane 0
390 249 400 249 400 257 390 257 airplane 0
395 256 404 256 404 263 395 263 airplane 0
402 255 413 255 413 265 402 265 airplane 0
409 234 418 234 418 242 409 242 airplane 0
415 248 424 248 424 259 415 259 airplane 0
421 253 431 253 431 262 421 262 airplane 0
411.00000000000006 267 426 267 426 280 411.00000000000006 280 airplane 0
413 277 421 277 421 285 413 285 airplane 0
428 295 436 295 436 304 428 304 airplane 0
434.00000000000006 272 456 272 456 293 434.00000000000006 293 airplane 0
434.00000000000006 295 447 295 447 308 434.00000000000006 308 airplane 0
450 295 460.00000000000006 295 460.00000000000006 304 450 304 airplane 0
445 311 460.00000000000006 311 460.00000000000006 326 445 326 airplane 0
457 327 468 327 468 336.00000000000006 457 336.00000000000006 airplane 0
467 343 479 343 479 355 467 355 airplane 0
494 347 507 347 507 360 494 360 airplane 0
527 315 541 315 541 327 527 327 airplane 0
569 329 587 329 587 348 569 348 airplane 0
184 345 193.99999999999997 345 193.99999999999997 355 184 355 airplane 0
127 286 135 286 135 295 127 295 airplane 0
107 306 116 306 116 315 107 315 airplane 0
475 133 484 133 484 142 475 142 airplane 0
477 125 486.00000000000006 125 486.00000000000006 135 477 135 airplane 0
485 124 494 124 494 135 485 135 airplane 0
491 114 501 114 501 124 491 124 airplane 0
499 112 509.00000000000006 112 509.00000000000006 124 499 124 airplane 0
521 93 532 93 532 107 521 107 airplane 0
529 85 541 85 541 96.99999999999999 529 96.99999999999999 airplane 0
547 73 560 73 560 87 547 87 airplane 0
488 37 498 37 498 46 488 46 airplane 0
491.99999999999994 46 499 46 499 53 491.99999999999994 53 airplane 0
540 157.99999999999997 550 157.99999999999997 550 167 540 167 airplane 0
551 164 560 164 560 174 551 174 airplane 0
560 170 573 170 573 181.00000000000003 560 181.00000000000003 airplane 0
566 183 581 183 581 195 566 195 airplane 0
575 193.99999999999997 591 193.99999999999997 591 208 575 208 airplane 0
586 209 599 209 599 219 586 219 airplane 0