284 382 322 382 322 422 284 422 airplane 0
330 382 374 382 374 420 330 420 airplane 0
372 376 415 376 415 416.99999999999994 372 416.99999999999994 airplane 0
415 382 442 382 442 413.99999999999994 415 413.99999999999994 airplane 0
443 357 482 357 482 392 443 392 airplane 0
135 503 159 503 159 521 135 521 airplane 0
205 502 229 502 229 518 205 518 airplane 0
272 499 294 499 294 512 272 512 airplane 0
473 151 513 151 513 182 473 182 airplane 0
437.00000000000006 222 483.00000000000006 222 483.00000000000006 258 437.00000000000006 258 airplane 0
443 317 488 317 488 353 443 353 airplane 0
433 274 484 274 484 310.00000000000006 433 310.00000000000006 airplane 0