540 256 588 256 588 306 540 306 airplane 0
272 166 295 166 295 188 272 188 airplane 0
249 140 269 140 269 163 249 163 airplane 0
226 172 251 172 251 193 226 193 airplane 0
255 223 278 223 278 243.00000000000003 255 243.00000000000003 airplane 0
43 145 76 145 76 176 43 176 airplane 0
1 165 23 165 23 201 1 201 airplane 0
112 140 147 140 147 182 112 182 airplane 0
144 151 178 151 178 189 144 189 airplane 0
172 151 187 151 187 170 172 170 airplane 0
178 172 200 172 200 192 178 192 airplane 0
25 247 44 247 44 272 25 272 airplane 0
31 218 57 218 57 250 31 250 airplane 0
52 211 77 211 77 250 52 250 airplane 0
143 222 176 222 176 255 143 255 airplane 0
106 205 133 205 133 245 106 245 airplane 0
91 218 117 218 117 248 91 248 airplane 0
76 201 104 201 104 240 76 240 airplane 0
193 223 214 223 214 239 193 239 airplane 0
122 219 151 219 151 254 122 254 airplane 0