68 93 98 93 98 120 68 120 airplane 0
141 101 163 101 163 122.99999999999999 141 122.99999999999999 airplane 0
1 109.99999999999999 17 109.99999999999999 17 138 1 138 airplane 0
177 115.00000000000001 212 115.00000000000001 212 146 177 146 airplane 0
263 149 286 149 286 167 263 167 airplane 0
200 200 218 200 218 215 200 215 airplane 0
393 204.00000000000003 411.00000000000006 204.00000000000003 411.00000000000006 216 393 216 airplane 0
257 219 279 219 279 235 257 235 airplane 0
250 248 268 248 268 263 250 263 airplane 0
542 254 563 254 563 270 542 270 airplane 0
571 260 586 260 586 273 571 273 airplane 0
412 257 438 257 438 285 412 285 airplane 0
518 270 539 270 539 285 518 285 airplane 0
331 287 356 287 356 314 331 314 airplane 0
398 298 411.00000000000006 298 411.00000000000006 312.99999999999994 398 312.99999999999994 airplane 0
556 297 573 297 573 315 556 315 airplane 0
274 299 294 299 294 314 274 314 airplane 0
311 315.99999999999994 325 315.99999999999994 325 332 311 332 airplane 0
460.00000000000006 315 491 315 491 341 460.00000000000006 341 airplane 0
528 351 547 351 547 366 528 366 airplane 0
490 384 506 384 506 399 490 399 airplane 0
491.99999999999994 413.99999999999994 504 413.99999999999994 504 429 491.99999999999994 429 airplane 0
506 423 519 423 519 435 506 435 airplane 0
2 32 18 32 18 47 2 47 airplane 0
35 35 50 35 50 53 35 53 airplane 0