390.99999999999994 480 410 480 410 503 390.99999999999994 503 airplane 0
312.99999999999994 411.00000000000006 328 411.00000000000006 328 425 312.99999999999994 425 airplane 0
327 389 347 389 347 409 327 409 airplane 0
157 345 178 345 178 364.99999999999994 157 364.99999999999994 airplane 0
427 572 445 572 445 595 427 595 airplane 0
451 565 470 565 470 587 451 587 airplane 0
63 221 84.00000000000001 221 84.00000000000001 245 63 245 airplane 0
44 186 59 186 59 208 44 208 airplane 0
150 157.99999999999997 164 157.99999999999997 164 173 150 173 airplane 0
95 113 107 113 107 122 95 122 airplane 0
108 98 119 98 119 108 108 108 airplane 0
76 69 88 69 88 80 76 80 airplane 0
90 63 100 63 100 73 90 73 airplane 0
38 49 50 49 50 64 38 64 airplane 0
53 39 67 39 67 54 53 54 airplane 0
503 534 519 534 519 553 503 553 airplane 0
538 506 560 506 560 530 538 530 airplane 0