78 244 92 244 92 263 78 263 airplane 0
169 272 184 272 184 287 169 287 airplane 0
141 262 156 262 156 283 141 283 airplane 0
224 281 239 281 239 296 224 296 airplane 0
238 283 252 283 252 299 238 299 airplane 0
333.00000000000006 302 348 302 348 319 333.00000000000006 319 airplane 0
319 299 334 299 334 314 319 314 airplane 0
304 296 318 296 318 312.99999999999994 304 312.99999999999994 airplane 0
293 295 304 295 304 311 293 311 airplane 0
279 290 290 290 290 307 279 307 airplane 0
265 286 277 286 277 307 265 307 airplane 0
252 286 264 286 264 301 252 301 airplane 0