422 169 447 169 447 190 422 190 airplane 0
491.99999999999994 153 515 153 515 184 491.99999999999994 184 airplane 0
441 139 469 139 469 170.99999999999997 441 170.99999999999997 airplane 0
406 128 434.00000000000006 128 434.00000000000006 162 406 162 airplane 0
462 308 498 308 498 336.00000000000006 462 336.00000000000006 airplane 0
373 325 390.99999999999994 325 390.99999999999994 345 373 345 airplane 0
452 401 471 401 471 418 452 418 airplane 0
424 387.99999999999994 445 387.99999999999994 445 408.00000000000006 424 408.00000000000006 airplane 0
366 372 387 372 387 389 366 389 airplane 0
337 390 353 390 353 404 337 404 airplane 0
436 471 467 471 467 497 436 497 airplane 0
419 491 439.99999999999994 491 439.99999999999994 504 419 504 airplane 0
400 507 420 507 420 524 400 524 airplane 0
380 494 399 494 399 516 380 516 airplane 0
294 465.99999999999994 312.99999999999994 465.99999999999994 312.99999999999994 482 294 482 airplane 0
291 449 310.00000000000006 449 310.00000000000006 462 291 462 airplane 0
264 501 287 501 287 519 264 519 airplane 0
348 549 380 549 380 573 348 573 airplane 0
315 508 334 508 334 527 315 527 airplane 0
178 589 199 589 199 599 178 599 airplane 0
212 478 232.99999999999997 478 232.99999999999997 497 212 497 airplane 0
169 470 190 470 190 486.00000000000006 169 486.00000000000006 airplane 0
149 504 169 504 169 519 149 519 airplane 0
76 504 95 504 95 521 76 521 airplane 0
89 490 106 490 106 509.00000000000006 89 509.00000000000006 airplane 0
105 479 122.99999999999999 479 122.99999999999999 497 105 497 airplane 0
118 468 138 468 138 481 118 481 airplane 0
133 454 150 454 150 471 133 471 airplane 0
147 446 164 446 164 461 147 461 airplane 0
65 418 94 418 94 449 65 449 airplane 0
40 431 62 431 62 455 40 455 airplane 0
29 450 49 450 49 465.99999999999994 29 465.99999999999994 airplane 0
22 490 42.00000000000001 490 42.00000000000001 506 22 506 airplane 0
13 511 39 511 39 525 13 525 airplane 0
1 550 24 550 24 568 1 568 airplane 0
1 591 18 591 18 599 1 599 airplane 0
56 561 76 561 76 576 56 576 airplane 0
46 583 70 583 70 596 46 596 airplane 0
88 364.99999999999994 109 364.99999999999994 109 380 88 380 airplane 0
90 312 122.99999999999999 312 122.99999999999999 335 90 335 airplane 0
1 239 6 239 6 262 1 262 airplane 0
112 266 137 266 137 282 112 282 airplane 0
120 241 141 241 141 257 120 257 airplane 0
117 208 154 208 154 234 117 234 airplane 0
93 147 113 147 113 166 93 166 airplane 0
183 155.00000000000003 200 155.00000000000003 200 178 183 178 airplane 0
173 142 192 142 192 157.99999999999997 173 157.99999999999997 airplane 0
168.00000000000003 96 192 96 192 114 168.00000000000003 114 airplane 0
175 43 198 43 198 63 175 63 airplane 0
160 25 181.00000000000003 25 181.00000000000003 49 160 49 airplane 0
142 17 159 17 159 40 142 40 airplane 0
122.99999999999999 33 145 33 145 50 122.99999999999999 50 airplane 0
109.99999999999999 70 133 70 133 89 109.99999999999999 89 airplane 0
95 128 118 128 118 145 95 145 airplane 0
121 162 142 162 142 179 121 179 airplane 0
208 529 231 529 231 552 208 552 airplane 0