533 436 553 436 553 455 533 455 airplane 0
557 455 577 455 577 472 557 472 airplane 0
576 472 596 472 596 488.99999999999994 576 488.99999999999994 airplane 0
595 485 599 485 599 505 595 505 airplane 0
119 124 136 124 136 144 119 144 airplane 0
95 107 112 107 112 125 95 125 airplane 0
29 39 46 39 46 62 29 62 airplane 0
78 17 92 17 92 31 78 31 airplane 0
73 28 85 28 85 42.00000000000001 73 42.00000000000001 airplane 0
62 38 78 38 78 54 62 54 airplane 0
100 48 114 48 114 62 100 62 airplane 0
89 59 104 59 104 76 89 76 airplane 0
10 54.99999999999999 22 54.99999999999999 22 66 10 66 airplane 0
12 42.00000000000001 24 42.00000000000001 24 50 12 50 airplane 0
248 189 263 189 263 201 248 201 airplane 0