62 172 85 172 85 197 62 197 airplane 0
29 109 41 109 41 121 29 121 airplane 0
112 186 130 186 130 210 112 210 airplane 0
108 66 131 66 131 91 108 91 airplane 0
42.00000000000001 49 69 49 69 78 42.00000000000001 78 airplane 0
136 12 151 12 151 23 136 23 airplane 0
151 17 166 17 166 28 151 28 airplane 0
465.99999999999994 133 484 133 484 150 465.99999999999994 150 airplane 0
450 176 469 176 469 196 450 196 airplane 0
424 161 445 161 445 189 424 189 airplane 0
397 162 415 162 415 174 397 174 airplane 0
375 206.99999999999997 387 206.99999999999997 387 218 375 218 airplane 0
420 217.00000000000003 438 217.00000000000003 438 235 420 235 airplane 0
444 232.99999999999997 465 232.99999999999997 465 248 444 248 airplane 0
390 270 408.00000000000006 270 408.00000000000006 289 390 289 airplane 0
368 265 384 265 384 283 368 283 airplane 0
329 245.99999999999997 357 245.99999999999997 357 276 329 276 airplane 0