251 119 274 119 274 141 251 141 airplane 0
374 95 395 95 395 119 374 119 airplane 0
390.99999999999994 122 412 122 412 145 390.99999999999994 145 airplane 0
250 192 281 192 281 235 250 235 airplane 0
289 205 321 205 321 251 289 251 airplane 0
122 189 145 189 145 219.99999999999997 122 219.99999999999997 airplane 0
148 216 170.99999999999997 216 170.99999999999997 239 148 239 airplane 0
149 241 183 241 183 263 149 263 airplane 0
87 202 114 202 114 225 87 225 airplane 0
76 225 102.00000000000001 225 102.00000000000001 251 76 251 airplane 0
33 242 59 242 59 266 33 266 airplane 0
13 264 42.00000000000001 264 42.00000000000001 287 13 287 airplane 0
22 320 49 320 49 345 22 345 airplane 0
20 375 48 375 48 398 20 398 airplane 0
0 442 31 442 31 468 0 468 airplane 0
10 467 45 467 45 493 10 493 airplane 0
9 538 34 538 34 562 9 562 airplane 0
136 450 187 450 187 487 136 487 airplane 0
135 411.00000000000006 186 411.00000000000006 186 446 135 446 airplane 0
126 490 178 490 178 531 126 531 airplane 0
143 296 179 296 179 325 143 325 airplane 0
256 476 312 476 312 537 256 537 airplane 0
225 347 278 347 278 387 225 387 airplane 0
327 333.00000000000006 364 333.00000000000006 364 370 327 370 airplane 0
409 386 444 386 444 426 409 426 airplane 0
437.00000000000006 432 497 432 497 502 437.00000000000006 502 airplane 0
364.99999999999994 574 416 574 416 599 364.99999999999994 599 airplane 0
502 427 543 427 543 471 502 471 airplane 0