165 470 184 470 184 491 165 491 airplane 0
146 469 163 469 163 490 146 490 airplane 0
532 452 545 452 545 462.99999999999994 532 462.99999999999994 airplane 0
234 448 251 448 251 465 234 465 airplane 0
234 428 250 428 250 445 234 445 airplane 0
567 426 574 426 574 433 567 433 airplane 0
320 328 329 328 329 338 320 338 airplane 0
310.00000000000006 326 318 326 318 337 310.00000000000006 337 airplane 0
274 324 285 324 285 338.99999999999994 274 338.99999999999994 airplane 0
213 326 219.99999999999997 326 219.99999999999997 335 213 335 airplane 0
119 325 128 325 128 334 119 334 airplane 0
240 304 248 304 248 312.99999999999994 240 312.99999999999994 airplane 0
261 281 270 281 270 292 261 292 airplane 0
68 274 82 274 82 292 68 292 airplane 0
141 273 157.99999999999997 273 157.99999999999997 291 141 291 airplane 0
180 254 200 254 200 270 180 270 airplane 0
449 107 464 107 464 125 449 125 airplane 0
467 104 486.00000000000006 104 486.00000000000006 127 467 127 airplane 0
408.00000000000006 66 421 66 421 84.00000000000001 408.00000000000006 84.00000000000001 airplane 0
443 62 454 62 454 78 443 78 airplane 0