113 228 159 228 159 271 113 271 airplane 0
86 137 109.99999999999999 137 109.99999999999999 162 86 162 airplane 0
43 168.00000000000003 67 168.00000000000003 67 200 43 200 airplane 0
9 121 30 121 30 146 9 146 airplane 0
250 501 266 501 266 521 250 521 airplane 0
271 487 289 487 289 511 271 511 airplane 0
293 542 314 542 314 571 293 571 airplane 0
317 522 341.99999999999994 522 341.99999999999994 560 317 560 airplane 0
338.99999999999994 508 362.00000000000006 508 362.00000000000006 539 338.99999999999994 539 airplane 0
371 579 393 579 393 599 371 599 airplane 0
420 491.99999999999994 449 491.99999999999994 449 526 420 526 airplane 0
169 289 185 289 185 308 169 308 airplane 0
188 278 204.00000000000003 278 204.00000000000003 300 188 300 airplane 0
193.99999999999997 306 215 306 215 328 193.99999999999997 328 airplane 0
212 294 227 294 227 315.99999999999994 212 315.99999999999994 airplane 0
228 377 247 377 247 396 228 396 airplane 0
245.99999999999997 378 261 378 261 397 245.99999999999997 397 airplane 0
297 345 309 345 309 363 297 363 airplane 0
249 367 261 367 261 383 249 383 airplane 0
261 367 275 367 275 386 261 386 airplane 0
278 355 293 355 293 374 278 374 airplane 0
206.99999999999997 341.99999999999994 223 341.99999999999994 223 362.00000000000006 206.99999999999997 362.00000000000006 airplane 0
275 297 289 297 289 318 275 318 airplane 0
226 333.00000000000006 240 333.00000000000006 240 348 226 348 airplane 0
242 322 259 322 259 338.99999999999994 242 338.99999999999994 airplane 0
259 309 272 309 272 328 259 328 airplane 0
219.99999999999997 250 236 250 236 274 219.99999999999997 274 airplane 0
252 411.00000000000006 271 411.00000000000006 271 435 252 435 airplane 0
269 413.99999999999994 283 413.99999999999994 283 434.00000000000006 269 434.00000000000006 airplane 0
283 398 301 398 301 422 283 422 airplane 0
300 390 319 390 319 413 300 413 airplane 0
305 377 321 377 321 397 305 397 airplane 0
321 367 338.99999999999994 367 338.99999999999994 387 321 387 airplane 0