520 78 557 78 557 109.99999999999999 520 109.99999999999999 airplane 0
511 66 541 66 541 93 511 93 airplane 0
478 65 507 65 507 96.99999999999999 478 96.99999999999999 airplane 0
451 64 478 64 478 98 451 98 airplane 0
428 131 468 131 468 169 428 169 airplane 0
354 135 383 135 383 162 354 162 airplane 0
299 136 340 136 340 176 299 176 airplane 0
245.99999999999997 137 301 137 301 200 245.99999999999997 200 airplane 0
168.00000000000003 145 242 145 242 214 168.00000000000003 214 airplane 0
127 148 163 148 163 185 127 185 airplane 0
354 251 390.99999999999994 251 390.99999999999994 286 354 286 airplane 0
284 255 321 255 321 288 284 288 airplane 0
250 259 284 259 284 293 250 293 airplane 0
215 260 248 260 248 292 215 292 airplane 0
179 330 211 330 211 363 179 363 airplane 0
204.00000000000003 356 235 356 235 384 204.00000000000003 384 airplane 0
253 358 286 358 286 389 253 389 airplane 0
289 355 321 355 321 389 289 389 airplane 0
521 519 552 519 552 551 521 551 airplane 0
483.00000000000006 451 520 451 520 497 483.00000000000006 497 airplane 0
441 465.99999999999994 479 465.99999999999994 479 507 441 507 airplane 0
444 507 477 507 477 543 444 543 airplane 0