120 173 144 173 144 193.99999999999997 120 193.99999999999997 airplane 0
54.99999999999999 157 77 157 77 187 54.99999999999999 187 airplane 0
99 144 125 144 125 175 99 175 airplane 0
133 133 159 133 159 166 133 166 airplane 0
71 307 106 307 106 334 71 334 airplane 0
174 323 191 323 191 341.99999999999994 174 341.99999999999994 airplane 0
96.99999999999999 396 115.00000000000001 396 115.00000000000001 412 96.99999999999999 412 airplane 0
122 384 142 384 142 404 122 404 airplane 0
178 368 198 368 198 385.00000000000006 178 385.00000000000006 airplane 0
211 386 226 386 226 399 211 399 airplane 0
101 464 131 464 131 488.99999999999994 101 488.99999999999994 airplane 0
127 483.00000000000006 148 483.00000000000006 148 496 127 496 airplane 0
146 498 165 498 165 514 146 514 airplane 0
166 486.00000000000006 185 486.00000000000006 185 507 166 507 airplane 0
249 458 267 458 267 474 249 474 airplane 0
252 443 270 443 270 455 252 455 airplane 0
275 491.99999999999994 297 491.99999999999994 297 510 275 510 airplane 0
185 539 216 539 216 562 185 562 airplane 0
229 499 247 499 247 517 229 517 airplane 0
346 594 370 594 370 599 346 599 airplane 0
360 579 377 579 377 597 360 597 airplane 0
327 470 347 470 347 488.99999999999994 327 488.99999999999994 airplane 0
367 462.99999999999994 387.99999999999994 462.99999999999994 387.99999999999994 478 367 478 airplane 0
387.99999999999994 495 407 495 407 510 387.99999999999994 510 airplane 0
459 496 477 496 477 512 459 512 airplane 0
448 482 465 482 465 500 448 500 airplane 0
432 471 449 471 449 488.99999999999994 432 488.99999999999994 airplane 0
418 461 438 461 438 474 418 474 airplane 0
407 447 423 447 423 464 407 464 airplane 0
392 439 409 439 409 454 392 454 airplane 0
460.00000000000006 412 488 412 488 442 460.00000000000006 442 airplane 0
491 426 512 426 512 449 491 449 airplane 0
503 443 523 443 523 458 503 458 airplane 0
558 435 580 435 580 458 558 458 airplane 0
591 564 599 564 599 588 591 588 airplane 0
510 481 530 481 530 497 510 497 airplane 0
513 503 539 503 539 516 513 516 airplane 0
528 540 550 540 550 557 528 557 airplane 0
534 580 558 580 558 597 534 597 airplane 0
477 550 497 550 497 565 477 565 airplane 0
484 572 507 572 507 585 484 585 airplane 0
487 588 514 588 514 599 487 599 airplane 0
445 361 465.99999999999994 361 465.99999999999994 376 445 376 airplane 0
432 310.00000000000006 464 310.00000000000006 464 332 432 332 airplane 0
545 241 564 241 564 262 545 262 airplane 0
419 266 443 266 443 281 419 281 airplane 0
413.99999999999994 242 435 242 435 257 413.99999999999994 257 airplane 0
403 210 438 210 438 235 403 235 airplane 0
442 152 460.00000000000006 152 460.00000000000006 169 442 169 airplane 0
358 160 375 160 375 182 358 182 airplane 0
366 146 383 146 383 162 366 162 airplane 0
366 102.00000000000001 389 102.00000000000001 389 120 366 120 airplane 0
361 52 383 52 383 70 361 70 airplane 0
376 34 397 34 397 57 376 57 airplane 0
398 27 413.99999999999994 27 413.99999999999994 49 398 49 airplane 0
411.00000000000006 42.00000000000001 432 42.00000000000001 432 58 411.00000000000006 58 airplane 0
423 77 445 77 445 96 423 96 airplane 0
438 133 460.00000000000006 133 460.00000000000006 149 438 149 airplane 0
413 166 434.00000000000006 166 434.00000000000006 182 413 182 airplane 0
329 520 351 520 351 542 329 542 airplane 0