527 382 547 382 547 401 527 401 airplane 0
551 400 571 400 571 416.99999999999994 551 416.99999999999994 airplane 0
570 416.99999999999994 590 416.99999999999994 590 433 570 433 airplane 0
588 430 599 430 599 450 588 450 airplane 0
119 75 136 75 136 95 119 95 airplane 0
96 58 112 58 112 75 96 75 airplane 0
30 0 47 0 47 14 30 14 airplane 0
63 0 78.99999999999999 0 78.99999999999999 7 63 7 airplane 0
101 0 115.00000000000001 0 115.00000000000001 14 101 14 airplane 0
90 11 105 11 105 27 90 27 airplane 0
12 7 24 7 24 18 12 18 airplane 0
13 0 26 0 26 4 13 4 airplane 0
247 138 261 138 261 150 247 150 airplane 0