354 195 372 195 372 211 354 211 airplane 0
335 264 352 264 352 287 335 287 airplane 0
202 315 219.99999999999997 315 219.99999999999997 340 202 340 airplane 0
208 394 224 394 224 415 208 415 airplane 0
114 338.99999999999994 127 338.99999999999994 127 356 114 356 airplane 0
76 312.99999999999994 93 312.99999999999994 93 334 76 334 airplane 0
60 302 78 302 78 323 60 323 airplane 0
44 293 64 293 64 312 44 312 airplane 0
82 1 104 1 104 10 82 10 airplane 0
102.00000000000001 1 122 1 122 8 102.00000000000001 8 airplane 0
80 58 96.99999999999999 58 96.99999999999999 78.99999999999999 80 78.99999999999999 airplane 0
89 77 109.99999999999999 77 109.99999999999999 95 89 95 airplane 0
20 154 43 154 43 172 20 172 airplane 0
52 177 64 177 64 193 52 193 airplane 0
64 169 81 169 81 189 64 189 airplane 0
131 132 147 132 147 149 131 149 airplane 0
143 144 164 144 164 163 143 163 airplane 0
159 193 180 193 180 212 159 212 airplane 0
164 253 180 253 180 274 164 274 airplane 0
287 166 306 166 306 190 287 190 airplane 0
202 245.99999999999997 217.00000000000003 245.99999999999997 217.00000000000003 262 202 262 airplane 0
483.00000000000006 192 498 192 498 209 483.00000000000006 209 airplane 0
482 535 501 535 501 560 482 560 airplane 0
501 547 518 547 518 569 501 569 airplane 0
535 572 553 572 553 595 535 595 airplane 0
294 572 306 572 306 589 294 589 airplane 0