525 260 544 260 544 286 525 286 airplane 0
534 222 557 222 557 242 534 242 airplane 0
534 199 551 199 551 217.00000000000003 534 217.00000000000003 airplane 0
278 285 294 285 294 300 278 300 airplane 0
307 249 327 249 327 269 307 269 airplane 0
362.00000000000006 306 381 306 381 327 362.00000000000006 327 airplane 0
341.99999999999994 311 361 311 361 331 341.99999999999994 331 airplane 0
306 289 323 289 323 307 306 307 airplane 0
555 201 570 201 570 214 555 214 airplane 0
185 298 199 298 199 312 185 312 airplane 0
160 300 174 300 174 312 160 312 airplane 0
570 219.99999999999997 585 219.99999999999997 585 238 570 238 airplane 0