350 80 378 80 378 112 350 112 airplane 0
265 11 304 11 304 49 265 49 airplane 0
232 10 262 10 262 44 232 44 airplane 0
190 10 222 10 222 45 190 45 airplane 0
157.99999999999997 9 190 9 190 44 157.99999999999997 44 airplane 0
129 0 157 0 157 39 129 39 airplane 0
76 31 117 31 117 63 76 63 airplane 0
476 283 498 283 498 302 476 302 airplane 0
541 390.99999999999994 573 390.99999999999994 573 421 541 421 airplane 0
471 309 498 309 498 335 471 335 airplane 0
399 249 436 249 436 288 399 288 airplane 0
451 340 485 340 485 369 451 369 airplane 0
443 373 478 373 478 401 443 401 airplane 0
374 335 412 335 412 370 374 370 airplane 0
364 370 396 370 396 399 364 399 airplane 0
279 299 315 299 315 332 279 332 airplane 0
72 259 103 259 103 291 72 291 airplane 0