121 177 167 177 167 227 121 227 airplane 0
1 222 15 222 15 267 1 267 airplane 0
125 88 166 88 166 130 125 130 airplane 0
380 21.000000000000004 422 21.000000000000004 422 62 380 62 airplane 0
184 56 225 56 225 104 184 104 airplane 0
302 161 336.00000000000006 161 336.00000000000006 201 302 201 airplane 0
408.00000000000006 287 442 287 442 328 408.00000000000006 328 airplane 0
520 263 554 263 554 302 520 302 airplane 0
238 312.99999999999994 267 312.99999999999994 267 348 238 348 airplane 0
65 333.00000000000006 114 333.00000000000006 114 378 65 378 airplane 0
217.00000000000003 449 238 449 238 469 217.00000000000003 469 airplane 0
71 77 109 77 109 118 71 118 airplane 0
174 386 206 386 206 433 174 433 airplane 0