289 84.00000000000001 309 84.00000000000001 309 101 289 101 airplane 0
341.99999999999994 83 360 83 360 94 341.99999999999994 94 airplane 0
341.99999999999994 96.99999999999999 355 96.99999999999999 355 109.99999999999999 341.99999999999994 109.99999999999999 airplane 0
341 112 360 112 360 122 341 122 airplane 0
343 122.99999999999999 361 122.99999999999999 361 135 343 135 airplane 0
343 138 364 138 364 152 343 152 airplane 0
344 178 360 178 360 189 344 189 airplane 0
343 191 362.00000000000006 191 362.00000000000006 205 343 205 airplane 0
346 205 361 205 361 219 346 219 airplane 0
355 225 369 225 369 238 355 238 airplane 0
346 232.99999999999997 360 232.99999999999997 360 244 346 244 airplane 0
277 264 302 264 302 287 277 287 airplane 0
245.99999999999997 262 263 262 263 276 245.99999999999997 276 airplane 0
231 259 247 259 247 273 231 273 airplane 0
310.00000000000006 300 346 300 346 333.00000000000006 310.00000000000006 333.00000000000006 airplane 0
293 351 315 351 315 370 293 370 airplane 0
280 347 295 347 295 361 280 361 airplane 0
270 337 282 337 282 351 270 351 airplane 0
254 376 283 376 283 403 254 403 airplane 0
239 366 262 366 262 389 239 389 airplane 0
217.00000000000003 421 238 421 238 439 217.00000000000003 439 airplane 0
210 438 232.99999999999997 438 232.99999999999997 457 210 457 airplane 0
198 456 221 456 221 477 198 477 airplane 0
193.99999999999997 477 205 477 205 487 193.99999999999997 487 airplane 0