189 206.99999999999997 215 206.99999999999997 215 228 189 228 airplane 0
209 165 234 165 234 187 209 187 airplane 0
76 58 112 58 112 99 76 99 airplane 0
22 287 50 287 50 315.99999999999994 22 315.99999999999994 airplane 0
63 284 85 284 85 310.00000000000006 63 310.00000000000006 airplane 0
92 272 118 272 118 300 92 300 airplane 0
148 369 170 369 170 390.99999999999994 148 390.99999999999994 airplane 0
88 389 109 389 109 411.00000000000006 88 411.00000000000006 airplane 0
50 396 70 396 70 425 50 425 airplane 0
103 134 129 134 129 155.00000000000003 103 155.00000000000003 airplane 0
90 96 128 96 128 127 90 127 airplane 0
0 78.99999999999999 15 78.99999999999999 15 119 0 119 airplane 0