327 165 354 165 354 193 327 193 airplane 0
293 162 320 162 320 187 293 187 airplane 0
262 162 285 162 285 192 262 192 airplane 0
109 322 137 322 137 352 109 352 airplane 0
54 321 81 321 81 353 54 353 airplane 0
24 320 49 320 49 352 24 352 airplane 0
364 218 383 218 383 241 364 241 airplane 0
164 217.00000000000003 193 217.00000000000003 193 253 164 253 airplane 0
461 224 478 224 478 238 461 238 airplane 0
323 373 337 373 337 392 323 392 airplane 0
203 373 213 373 213 387 203 387 airplane 0
159 375 170.99999999999997 375 170.99999999999997 390.99999999999994 159 390.99999999999994 airplane 0
195 383 206 383 206 398 195 398 airplane 0
442 459 462 459 462 482 442 482 airplane 0
346 476 368 476 368 503 346 503 airplane 0
390.99999999999994 497 402 497 402 507 390.99999999999994 507 airplane 0
389 512 402 512 402 525 389 525 airplane 0
415 586 447 586 447 599 415 599 airplane 0
312.99999999999994 590 343 590 343 599 312.99999999999994 599 airplane 0
377 70 392 70 392 81 377 81 airplane 0