133 114 174 114 174 157.99999999999997 133 157.99999999999997 airplane 0
221 122.99999999999999 241 122.99999999999999 241 145 221 145 airplane 0
243.00000000000003 106 290 106 290 150 243.00000000000003 150 airplane 0
305 99 338.99999999999994 99 338.99999999999994 141 305 141 airplane 0
381 101 412 101 412 135 381 135 airplane 0
439.99999999999994 98 465.99999999999994 98 465.99999999999994 128 439.99999999999994 128 airplane 0
203 276 230.00000000000003 276 230.00000000000003 308 203 308 airplane 0
240 375 269 375 269 406 240 406 airplane 0
341 367 368 367 368 399 341 399 airplane 0
462.99999999999994 214 505 214 505 254 462.99999999999994 254 airplane 0
527 248 561 248 561 288 527 288 airplane 0
564 219 599 219 599 262 564 262 airplane 0
0 421 8 421 8 439 0 439 airplane 0