243.00000000000003 0 291 0 291 22 243.00000000000003 22 airplane 0
193.99999999999997 0 244 0 244 54.99999999999999 193.99999999999997 54.99999999999999 airplane 0
122 29 189 29 189 95 122 95 airplane 0
467 206 504 206 504 248 467 248 airplane 0
436 262 476 262 476 301 436 301 airplane 0
545 359.00000000000006 599 359.00000000000006 599 419 545 419 airplane 0
490 410 544 410 544 462 490 462 airplane 0
359.00000000000006 276 423 276 423 348 359.00000000000006 348 airplane 0
298 333.00000000000006 358 333.00000000000006 358 398 298 398 airplane 0
239 382 296 382 296 451 239 451 airplane 0
184 561 228 561 228 599 184 599 airplane 0
259 163 328 163 328 232.99999999999997 259 232.99999999999997 airplane 0
136 155.00000000000003 206 155.00000000000003 206 226 136 226 airplane 0