154 430 196 430 196 473 154 473 airplane 0
244 443 264 443 264 465.99999999999994 244 465.99999999999994 airplane 0
267 438 314 438 314 483.00000000000006 267 483.00000000000006 airplane 0
329 447 363 447 363 488.99999999999994 329 488.99999999999994 airplane 0
405 453 437.00000000000006 453 437.00000000000006 487 405 487 airplane 0
465 460.00000000000006 490 460.00000000000006 490 490 465 490 airplane 0
226 279 253 279 253 311 226 311 airplane 0
263 180 292 180 292 212 263 212 airplane 0
0 324 14 324 14 347 0 347 airplane 0
364.99999999999994 187 392 187 392 219 364.99999999999994 219 airplane 0
487 333.00000000000006 529 333.00000000000006 529 374 487 374 airplane 0
552 299 586 299 586 338.99999999999994 552 338.99999999999994 airplane 0
590 325 599 325 599 368 590 368 airplane 0
10 148 28 148 28 165 10 165 airplane 0