6 577 28 577 28 598 6 598 airplane 0
227 357 245 357 245 370 227 370 airplane 0
229 324 250 324 250 340 229 340 airplane 0
230.00000000000003 311 250 311 250 325 230.00000000000003 325 airplane 0
228 296 250 296 250 309 228 309 airplane 0
230.00000000000003 281 252 281 252 294 230.00000000000003 294 airplane 0
262 314 282 314 282 331 262 331 airplane 0
265 298 288 298 288 315 265 315 airplane 0
266 285 287 285 287 299 266 299 airplane 0
266 237 284 237 284 253 266 253 airplane 0
245 234 263 234 263 250 245 250 airplane 0
297 241 312.99999999999994 241 312.99999999999994 255 297 255 airplane 0
299 215 312 215 312 227 299 227 airplane 0
302 189 315 189 315 202 302 202 airplane 0