586 27 597 27 597 42.00000000000001 586 42.00000000000001 airplane 0
568 100 582 100 582 118 568 118 airplane 0
544 70 558 70 558 85 544 85 airplane 0
535 174 548 174 548 188 535 188 airplane 0
519 183 533 183 533 198 519 198 airplane 0
552 163 564 163 564 181.00000000000003 552 181.00000000000003 airplane 0
409 240 426 240 426 254 409 254 airplane 0
315 242 328 242 328 255 315 255 airplane 0
487 324 500 324 500 336.00000000000006 487 336.00000000000006 airplane 0
444 334 455 334 455 351 444 351 airplane 0
383 301 396 301 396 315.99999999999994 383 315.99999999999994 airplane 0
39 317 52 317 52 329 39 329 airplane 0
77 334 90 334 90 347 77 347 airplane 0
157 379 177 379 177 396 157 396 airplane 0
153 407 167 407 167 420 153 420 airplane 0
166 415 177 415 177 427 166 427 airplane 0
195 418 209 418 209 436 195 436 airplane 0
213 420 229 420 229 439 213 439 airplane 0
253 445 265 445 265 459 253 459 airplane 0
282 457 303 457 303 479 282 479 airplane 0
298 473 319 473 319 495 298 495 airplane 0
322 484 343 484 343 505 322 505 airplane 0
332 500 355 500 355 525 332 525 airplane 0
368 508 387 508 387 526 368 526 airplane 0
398 537 409 537 409 550 398 550 airplane 0
504 393 516 393 516 407 504 407 airplane 0
507 425 518 425 518 436 507 436 airplane 0
446 431 456 431 456 443 446 443 airplane 0
446 454 459 454 459 468 446 468 airplane 0
433 471 446 471 446 485 433 485 airplane 0
422 460.00000000000006 433 460.00000000000006 433 474 422 474 airplane 0
404 491 415 491 415 502 404 502 airplane 0
443 525 453 525 453 537 443 537 airplane 0
498 549 513 549 513 566 498 566 airplane 0
482 531 497 531 497 543 482 543 airplane 0
453 364 468 364 468 379 453 379 airplane 0
335 311 348 311 348 324 335 324 airplane 0
324 304 338 304 338 318 324 318 airplane 0
202 217.00000000000003 212 217.00000000000003 212 235 202 235 airplane 0
275 278 283 278 283 288 275 288 airplane 0
250 264 257 264 257 277 250 277 airplane 0
231 258 240 258 240 272 231 272 airplane 0
209 258 217.00000000000003 258 217.00000000000003 269 209 269 airplane 0
188 240 199 240 199 253 188 253 airplane 0
439 373 453 373 453 384 439 384 airplane 0
125 218 132 218 132 227 125 227 airplane 0
93 203 101 203 101 211 93 211 airplane 0
163 223 170.99999999999997 223 170.99999999999997 235 163 235 airplane 0
125 240 130 240 130 248 125 248 airplane 0
115.00000000000001 236 124 236 124 244 115.00000000000001 244 airplane 0
107 234 115.00000000000001 234 115.00000000000001 240 107 240 airplane 0
99 228 109 228 109 234 99 234 airplane 0
73 218 83 218 83 226 73 226 airplane 0
49 206.99999999999997 58 206.99999999999997 58 215 49 215 airplane 0
35 195 41 195 41 205 35 205 airplane 0
26 191 36 191 36 198 26 198 airplane 0
237 261 250 261 250 275 237 275 airplane 0
143 208 152 208 152 216 143 216 airplane 0
133 206 142 206 142 215 133 215 airplane 0
126 201 133 201 133 208 126 208 airplane 0
108 192 115.00000000000001 192 115.00000000000001 199 108 199 airplane 0
101 188 105 188 105 193.99999999999997 101 193.99999999999997 airplane 0
66 215 74 215 74 219.99999999999997 66 219.99999999999997 airplane 0