0 491.99999999999994 40 491.99999999999994 40 539 0 539 airplane 0
111 472 164 472 164 516 111 516 airplane 0
119 430 168.00000000000003 430 168.00000000000003 472 119 472 airplane 0
122 389 170.99999999999997 389 170.99999999999997 430 122 430 airplane 0
125 315 166 315 166 355 125 355 airplane 0
425 354 459 354 459 389 425 389 airplane 0
206 473 248 473 248 515 206 515 airplane 0
281 431 315 431 315 462.99999999999994 281 462.99999999999994 airplane 0
219.99999999999997 393 244 393 244 413 219.99999999999997 413 airplane 0
283 396 318 396 318 427 283 427 airplane 0
319 366 356 366 356 405 319 405 airplane 0
227 325 256 325 256 357 227 357 airplane 0
265 331 297 331 297 368 265 368 airplane 0
348 438 380 438 380 462.99999999999994 348 462.99999999999994 airplane 0
537 529 568 529 568 549 537 549 airplane 0
478 516 503 516 503 540 478 540 airplane 0
281 302 310.00000000000006 302 310.00000000000006 324 281 324 airplane 0
299 371 319 371 319 392 299 392 airplane 0
411.00000000000006 478 437.00000000000006 478 437.00000000000006 502 411.00000000000006 502 airplane 0
419 443 450 443 450 469 419 469 airplane 0
353 418 377 418 377 434.00000000000006 353 434.00000000000006 airplane 0
303 335 329 335 329 364.99999999999994 303 364.99999999999994 airplane 0
347 505 364.99999999999994 505 364.99999999999994 520 347 520 airplane 0
413.99999999999994 512 434.00000000000006 512 434.00000000000006 527 413.99999999999994 527 airplane 0