35 518 76 518 76 552 35 552 airplane 0
53 535 86 535 86 565 53 565 airplane 0
90 531 121 531 121 566 90 566 airplane 0
121 530 150 530 150 567 121 567 airplane 0
132 453 176 453 176 495 132 495 airplane 0
224 461 256 461 256 490 224 490 airplane 0
272 445 315.99999999999994 445 315.99999999999994 488.99999999999994 272 488.99999999999994 airplane 0
312.99999999999994 420 373 420 373 488 312.99999999999994 488 airplane 0
377 405 457 405 457 479 377 479 airplane 0
462.99999999999994 435 502 435 502 476 462.99999999999994 476 airplane 0
215 326 256 326 256 364 215 364 airplane 0
291 325 332 325 332 360 291 360 airplane 0
332 319 368 319 368 355 332 355 airplane 0
370 320 407 320 407 354 370 354 airplane 0
411.00000000000006 243.00000000000003 445 243.00000000000003 445 278 411.00000000000006 278 airplane 0
385.00000000000006 219.99999999999997 419 219.99999999999997 419 251 385.00000000000006 251 airplane 0
330 215 364.99999999999994 215 364.99999999999994 249 330 249 airplane 0
292 214 327 214 327 252 292 252 airplane 0
41 39 75 39 75 74 41 74 airplane 0
76 98 115.00000000000001 98 115.00000000000001 147 76 147 airplane 0
120 87 162 87 162 131 120 131 airplane 0
122 47 157.99999999999997 47 157.99999999999997 87 122 87 airplane 0