487 190 498 190 498 206 487 206 airplane 0
467 186 482 186 482 203 467 203 airplane 0
428 180 449 180 449 203 428 203 airplane 0
395 180 409 180 409 196 395 196 airplane 0
411.00000000000006 99 425 99 425 116 411.00000000000006 116 airplane 0
395 96.99999999999999 410 96.99999999999999 410 114 395 114 airplane 0
395 71 416.99999999999994 71 416.99999999999994 89 395 89 airplane 0
268 54 285 54 285 76 268 76 airplane 0
232.99999999999997 57 249 57 249 76 232.99999999999997 76 airplane 0
202 82 219.99999999999997 82 219.99999999999997 99 202 99 airplane 0
222 189 242 189 242 213 222 213 airplane 0
179 109.99999999999999 195 109.99999999999999 195 130 179 130 airplane 0
149 76 164 76 164 95 149 95 airplane 0
141 107 172 107 172 136 141 136 airplane 0
107 103 137 103 137 132 107 132 airplane 0
73 112 96.99999999999999 112 96.99999999999999 142 73 142 airplane 0
40 112 65 112 65 142 40 142 airplane 0
141 184 157.99999999999997 184 157.99999999999997 203 141 203 airplane 0
74 178 94 178 94 206.99999999999997 74 206.99999999999997 airplane 0
48 180 68 180 68 201 48 201 airplane 0
1 177 19 177 19 200 1 200 airplane 0