53 206 73 206 73 224 53 224 airplane 0
31 190 50 190 50 206 31 206 airplane 0
12 174 32 174 32 190 12 190 airplane 0
0 159 14 159 14 177 0 177 airplane 0
449 500 465 500 465 519 449 519 airplane 0
472 518 488 518 488 535 472 535 airplane 0
534 578 550 578 550 600 534 600 airplane 0
497 595 509.00000000000006 595 509.00000000000006 600 497 600 airplane 0
503 585 519 585 519 599 503 599 airplane 0
469 577 483.00000000000006 577 483.00000000000006 591 469 591 airplane 0
479 565 494 565 494 581 479 581 airplane 0
557 574 568 574 568 584 557 584 airplane 0
554 589 566 589 566 597 554 597 airplane 0
328 447 341.99999999999994 447 341.99999999999994 458 328 458 airplane 0