181.00000000000003 346 196 346 196 367 181.00000000000003 367 airplane 0
140 353 156 353 156 371 140 371 airplane 0
174 260 190 260 190 278 174 278 airplane 0
107 208 133 208 133 231 107 231 airplane 0
1 137 20 137 20 160 1 160 airplane 0
269 237 291 237 291 257 269 257 airplane 0
460.00000000000006 162 479 162 479 181.00000000000003 460.00000000000006 181.00000000000003 airplane 0
501 272 522 272 522 288 501 288 airplane 0
505 347 524 347 524 367 505 367 airplane 0
370 382 390 382 390 399 370 399 airplane 0
278 146 291 146 291 166 278 166 airplane 0
115.00000000000001 421 136 421 136 439.99999999999994 115.00000000000001 439.99999999999994 airplane 0
299 473 315 473 315 487 299 487 airplane 0
343 470 358 470 358 491.99999999999994 343 491.99999999999994 airplane 0
281 427 300 427 300 447 281 447 airplane 0
281 363 297 363 297 379 281 379 airplane 0
359.00000000000006 147 379 147 379 165 359.00000000000006 165 airplane 0
360 127 370 127 370 138 360 138 airplane 0
308 113 321 113 321 131 308 131 airplane 0
571 269 589 269 589 288 571 288 airplane 0