138 505 165 505 165 530 138 530 airplane 0
212 487 239 487 239 513 212 513 airplane 0
186 465 209 465 209 488 186 488 airplane 0
250 467 274 467 274 491 250 491 airplane 0
219 395 243.00000000000003 395 243.00000000000003 419 219 419 airplane 0
201 445 219 445 219 465 201 465 airplane 0
259 408.00000000000006 287 408.00000000000006 287 437.00000000000006 259 437.00000000000006 airplane 0
281 372 301 372 301 390 281 390 airplane 0
315 225 341.99999999999994 225 341.99999999999994 254 315 254 airplane 0
298 160 314 160 314 175 298 175 airplane 0
275 91 300 91 300 118 275 118 airplane 0
312.99999999999994 90 338 90 338 116 312.99999999999994 116 airplane 0
284 66 312.99999999999994 66 312.99999999999994 91 284 91 airplane 0
0 59 13 59 13 78 0 78 airplane 0
4 8 24 8 24 30 4 30 airplane 0
68 324 90 324 90 341 68 341 airplane 0