249 379 274 379 274 407 249 407 airplane 0
205 419 228 419 228 443 205 443 airplane 0
143 477 162 477 162 490 143 490 airplane 0
319 324 340 324 340 347 319 347 airplane 0
280 367 295 367 295 383 280 383 airplane 0
157.99999999999997 436 173 436 173 448 157.99999999999997 448 airplane 0
133 452 145 452 145 465 133 465 airplane 0
397 268 412 268 412 280 397 280 airplane 0
168.00000000000003 491 181.00000000000003 491 181.00000000000003 505 168.00000000000003 505 airplane 0
399 292 412 292 412 304 399 304 airplane 0
346 277 357 277 357 288 346 288 airplane 0
276 344 290 344 290 357 276 357 airplane 0
210 398 222 398 222 411.00000000000006 210 411.00000000000006 airplane 0