372 465.99999999999994 409 465.99999999999994 409 506 372 506 airplane 0
338 425 360 425 360 454 338 454 airplane 0
315.99999999999994 422 333.00000000000006 422 333.00000000000006 446 315.99999999999994 446 airplane 0
374 341.99999999999994 395 341.99999999999994 395 369 374 369 airplane 0
338 334 361 334 361 361 338 361 airplane 0
539 327 561 327 561 354 539 354 airplane 0
303 325 327 325 327 353 303 353 airplane 0
418 259 456 259 456 299 418 299 airplane 0
357 243.00000000000003 381 243.00000000000003 381 268 357 268 airplane 0
332 239 355 239 355 262 332 262 airplane 0
277 578 307 578 307 600 277 600 airplane 0
319 101 343 101 343 127 319 127 airplane 0
452 98 476 98 476 129 452 129 airplane 0
373 563 397 563 397 590 373 590 airplane 0
472 56 504 56 504 81 472 81 airplane 0
351 560 372 560 372 587 351 587 airplane 0
421 1 444 1 444 18 421 18 airplane 0
325 555 347 555 347 582 325 582 airplane 0
251 533 274 533 274 566 251 566 airplane 0