7 488.99999999999994 23 488.99999999999994 23 507 7 507 airplane 0
12 465 27 465 27 482 12 482 airplane 0
13 416.99999999999994 37 416.99999999999994 37 436 13 436 airplane 0
16 395 35 395 35 412 16 412 airplane 0
21.000000000000004 344 47 344 47 367 21.000000000000004 367 airplane 0
30 279 48 279 48 293 30 293 airplane 0
49 121 65 121 65 136 49 136 airplane 0
59 31 77 31 77 49 59 49 airplane 0
320 96 336.00000000000006 96 336.00000000000006 111 320 111 airplane 0
317 146 332 146 332 157.99999999999997 317 157.99999999999997 airplane 0
360 240 392 240 392 270 360 270 airplane 0
368 148 401 148 401 178 368 178 airplane 0
380 109 395 109 395 121 380 121 airplane 0
529 113 542 113 542 125 529 125 airplane 0
435 364.99999999999994 460.00000000000006 364.99999999999994 460.00000000000006 393 435 393 airplane 0
381 493 400 493 400 517 381 517 airplane 0
392 532 412 532 412 550 392 550 airplane 0
413 567 441 567 441 599 413 599 airplane 0
333.00000000000006 476 363 476 363 498 333.00000000000006 498 airplane 0
341.99999999999994 453 358 453 358 473 341.99999999999994 473 airplane 0
340 425 371 425 371 452 340 452 airplane 0
341.99999999999994 378 376 378 376 408.00000000000006 341.99999999999994 408.00000000000006 airplane 0
480 315.99999999999994 513 315.99999999999994 513 345 480 345 airplane 0
480 395 496 395 496 413 480 413 airplane 0
567 437.00000000000006 585 437.00000000000006 585 452 567 452 airplane 0
568 418 587 418 587 434.00000000000006 568 434.00000000000006 airplane 0
571 399 587 399 587 416 571 416 airplane 0
580 245.99999999999997 599 245.99999999999997 599 278 580 278 airplane 0
351 360 369 360 369 381 351 381 airplane 0
485 353 504 353 504 372 485 372 airplane 0
481 379 500 379 500 395 481 395 airplane 0
584 208 599 208 599 239 584 239 airplane 0
499 234 518 234 518 251 499 251 airplane 0
502 213 521 213 521 232.99999999999997 502 232.99999999999997 airplane 0
501 196 522 196 522 216 501 216 airplane 0