472 294 493 294 493 319 472 319 airplane 0
454 262 475 262 475 289 454 289 airplane 0
400 213 426 213 426 242 400 242 airplane 0
341 209 364.99999999999994 209 364.99999999999994 244 341 244 airplane 0
300 323 320 323 320 356 300 356 airplane 0
241 106 265 106 265 130 241 130 airplane 0
190 39 217.00000000000003 39 217.00000000000003 64 190 64 airplane 0
193 422 219.99999999999997 422 219.99999999999997 444 193 444 airplane 0
214 456 238 456 238 479 214 479 airplane 0
145 522 173 522 173 546 145 546 airplane 0
101 578 128 578 128 600 101 600 airplane 0
128 497 155.00000000000003 497 155.00000000000003 523 128 523 airplane 0
114 474 140 474 140 499 114 499 airplane 0
90 554 113 554 113 579 90 579 airplane 0
235 490 262 490 262 515 235 515 airplane 0