35 464 47 464 47 478 35 478 airplane 0
36 480 56 480 56 498 36 498 airplane 0
42.00000000000001 521 57 521 57 535 42.00000000000001 535 airplane 0
44 541 66 541 66 564 44 564 airplane 0
71 543 88 543 88 563 71 563 airplane 0
92 537 106 537 106 552 92 552 airplane 0
95 513 109.99999999999999 513 109.99999999999999 527 95 527 airplane 0
91 465.99999999999994 107 465.99999999999994 107 481 91 481 airplane 0
89 452 107 452 107 464 89 464 airplane 0
164 451 182 451 182 465 164 465 airplane 0
190 520 213 520 213 542 190 542 airplane 0
242 518 263 518 263 539 242 539 airplane 0
241 465.99999999999994 257 465.99999999999994 257 480 241 480 airplane 0
327 445 344 445 344 462 327 462 airplane 0
341 464 355 464 355 479 341 479 airplane 0
387.99999999999994 501 411.00000000000006 501 411.00000000000006 526 387.99999999999994 526 airplane 0
420 491 439 491 439 510 420 510 airplane 0
407 443 426 443 426 464 407 464 airplane 0
380 401 396 401 396 416.99999999999994 380 416.99999999999994 airplane 0
353 381 379 381 379 405 353 405 airplane 0
341.99999999999994 554 359.00000000000006 554 359.00000000000006 570 341.99999999999994 570 airplane 0
481 542 499 542 499 558 481 558 airplane 0
579 566 597 566 597 582 579 582 airplane 0
491.99999999999994 86 517 86 517 109.99999999999999 491.99999999999994 109.99999999999999 airplane 0
493 114 519 114 519 135 493 135 airplane 0
479 140 502 140 502 162 479 162 airplane 0
458 180 474 180 474 196 458 196 airplane 0
378 68 404 68 404 94 378 94 airplane 0
297 103 312 103 312 117 297 117 airplane 0
315 130 337 130 337 149 315 149 airplane 0
299 151 323 151 323 172 299 172 airplane 0
285 170.99999999999997 299 170.99999999999997 299 186 285 186 airplane 0
275 189 289 189 289 203 275 203 airplane 0
232 190 245.99999999999997 190 245.99999999999997 205 232 205 airplane 0
174 94 188 94 188 112 174 112 airplane 0
153 113 170 113 170 128 153 128 airplane 0
151 135 166 135 166 149 151 149 airplane 0
146 155.00000000000003 162 155.00000000000003 162 168.00000000000003 146 168.00000000000003 airplane 0
142 173 160 173 160 187 142 187 airplane 0
139 190 159 190 159 203 139 203 airplane 0
62 167 80 167 80 179 62 179 airplane 0
62 145 80 145 80 159 62 159 airplane 0
62 128 78 128 78 142 62 142 airplane 0
51.00000000000001 103 72 103 72 124 51.00000000000001 124 airplane 0
9 100 36 100 36 128 9 128 airplane 0
5 135 21.000000000000004 135 21.000000000000004 150 5 150 airplane 0
7 155.00000000000003 25 155.00000000000003 25 170 7 170 airplane 0
6 177 27 177 27 191 6 191 airplane 0