341 88 369 88 369 116 341 116 airplane 0
289 132 324 132 324 163 289 163 airplane 0
314 164 348 164 348 200 314 200 airplane 0
349 156 377 156 377 184 349 184 airplane 0
15 248 49 248 49 279 15 279 airplane 0
140 292 168.00000000000003 292 168.00000000000003 323 140 323 airplane 0
36 326 61 326 61 349 36 349 airplane 0
47 359.00000000000006 85 359.00000000000006 85 396 47 396 airplane 0
66 390 116 390 116 439.99999999999994 66 439.99999999999994 airplane 0
87 438 144 438 144 500 87 500 airplane 0
179 415 205 415 205 443 179 443 airplane 0
169 382 198 382 198 412 169 412 airplane 0
161 353 186 353 186 383 161 383 airplane 0
245 329 275 329 275 354 245 354 airplane 0
255 360 285 360 285 386 255 386 airplane 0
267 408.00000000000006 289 408.00000000000006 289 432 267 432 airplane 0
249 436 277 436 277 457 249 457 airplane 0
98 512 130 512 130 544 98 544 airplane 0