381 482 395 482 395 496 381 496 airplane 0
241 475 250 475 250 488 241 488 airplane 0
227 465.99999999999994 238 465.99999999999994 238 482 227 482 airplane 0
340 458 356 458 356 473 340 473 airplane 0
271 454 287 454 287 469 271 469 airplane 0
214 441 229 441 229 457 214 457 airplane 0
114 338.99999999999994 130 338.99999999999994 130 354 114 354 airplane 0
63 337 82 337 82 352 63 352 airplane 0
47 324 67 324 67 338.99999999999994 47 338.99999999999994 airplane 0
90 302 101 302 101 318 90 318 airplane 0
38 281 54.99999999999999 281 54.99999999999999 296 38 296 airplane 0
129 276 142 276 142 290 129 290 airplane 0