0 70 66 70 66 154 0 154 airplane 0
100 1 148 1 148 31 100 31 airplane 0
139 16 184 16 184 60 139 60 airplane 0
104 71 173 71 173 148 104 148 airplane 0
173 101 232.99999999999997 101 232.99999999999997 159 173 159 airplane 0
133 166 184 166 184 223 133 223 airplane 0
183 231 227 231 227 272 183 272 airplane 0
193 170 248 170 248 227 193 227 airplane 0
230.00000000000003 149 298 149 298 212 230.00000000000003 212 airplane 0
275 175 353 175 353 253 275 253 airplane 0
223 214 283 214 283 276 223 276 airplane 0
245.99999999999997 292 286 292 286 332 245.99999999999997 332 airplane 0
276 257 347 257 347 317 276 317 airplane 0
372 265 439 265 439 345 372 345 airplane 0
421 315 476 315 476 375 421 375 airplane 0
356 352 399 352 399 383 356 383 airplane 0
315 369 356 369 356 395 315 395 airplane 0
317 307 373 307 373 355 317 355 airplane 0
358 405 387 405 387 427 358 427 airplane 0
385.00000000000006 425 413 425 413 448 385.00000000000006 448 airplane 0
402 446 443 446 443 471 402 471 airplane 0
404 393 449 393 449 423 404 423 airplane 0
465.99999999999994 364.99999999999994 522 364.99999999999994 522 424 465.99999999999994 424 airplane 0
516 406 555 406 555 439.99999999999994 516 439.99999999999994 airplane 0
445 471 490 471 490 511 445 511 airplane 0
479 510 538 510 538 556 479 556 airplane 0
512 542 561 542 561 580 512 580 airplane 0
567 522 593 522 593 545 567 545 airplane 0
498 439 561 439 561 494 498 494 airplane 0
560 462.99999999999994 584 462.99999999999994 584 486.00000000000006 560 486.00000000000006 airplane 0
554 487 587 487 587 517 554 517 airplane 0
559 557 587 557 587 580 559 580 airplane 0
293 346 321 346 321 367 293 367 airplane 0