488.99999999999994 252 504 252 504 270 488.99999999999994 270 airplane 0
541 197 551 197 551 206.99999999999997 541 206.99999999999997 airplane 0
533 206 545 206 545 216 533 216 airplane 0
572 184 585 184 585 199 572 199 airplane 0
581 191 595 191 595 204.00000000000003 581 204.00000000000003 airplane 0
590 199 599 199 599 213 590 213 airplane 0
446 221 457 221 457 232.99999999999997 446 232.99999999999997 airplane 0
390.99999999999994 154 406 154 406 168.00000000000003 390.99999999999994 168.00000000000003 airplane 0
381 168.00000000000003 397 168.00000000000003 397 183 381 183 airplane 0
366 206.99999999999997 385.00000000000006 206.99999999999997 385.00000000000006 226 366 226 airplane 0
387.99999999999994 218 405 218 405 239 387.99999999999994 239 airplane 0
373 234 387 234 387 251 373 251 airplane 0
370 185 384 185 384 198 370 198 airplane 0
373 256 386 256 386 268 373 268 airplane 0
366 268 379 268 379 279 366 279 airplane 0
410 266 423 266 423 281 410 281 airplane 0
422 275 433 275 433 289 422 289 airplane 0
432 284 444 284 444 296 432 296 airplane 0
329 309 345 309 345 322 329 322 airplane 0
381 312.99999999999994 395 312.99999999999994 395 327 381 327 airplane 0
420 309 431 309 431 322 420 322 airplane 0
405 284 416 284 416 295 405 295 airplane 0
390.99999999999994 305 401 305 401 314 390.99999999999994 314 airplane 0
350 290 360 290 360 301 350 301 airplane 0
267 148 275 148 275 159 267 159 airplane 0
300 178 309 178 309 190 300 190 airplane 0
284 197 295 197 295 210 284 210 airplane 0
268 213 280 213 280 226 268 226 airplane 0
258 228 271 228 271 241 258 241 airplane 0
249 243.00000000000003 259 243.00000000000003 259 254 249 254 airplane 0
232.99999999999997 252 242 252 242 262 232.99999999999997 262 airplane 0
230.00000000000003 256 245.99999999999997 256 245.99999999999997 271 230.00000000000003 271 airplane 0
219 274 234 274 234 288 219 288 airplane 0
215 278 223 278 223 287 215 287 airplane 0
206 294 218 294 218 306 206 306 airplane 0
184 301 195 301 195 312.99999999999994 184 312.99999999999994 airplane 0
211 245 223 245 223 259 211 259 airplane 0
436 245.99999999999997 444 245.99999999999997 444 258 436 258 airplane 0
448 257 460.00000000000006 257 460.00000000000006 270 448 270 airplane 0
456 264 465.99999999999994 264 465.99999999999994 278 456 278 airplane 0
465.99999999999994 270 475 270 475 280 465.99999999999994 280 airplane 0
475 277 485 277 485 289 475 289 airplane 0
364 337 375 337 375 351 364 351 airplane 0
208 169 223 169 223 182 208 182 airplane 0
196 182 206 182 206 193 196 193 airplane 0
195 189 206.99999999999997 189 206.99999999999997 200 195 200 airplane 0
189 192 197 192 197 202 189 202 airplane 0
219.99999999999997 200 229 200 229 208 219.99999999999997 208 airplane 0
208 198 224 198 224 212 208 212 airplane 0
206.99999999999997 212 219.99999999999997 212 219.99999999999997 219.99999999999997 206.99999999999997 219.99999999999997 airplane 0
195 212 211 212 211 227 195 227 airplane 0
197 225 208 225 208 234 197 234 airplane 0
192 232.99999999999997 203 232.99999999999997 203 241 192 241 airplane 0
182 232 193.99999999999997 232 193.99999999999997 243.00000000000003 182 243.00000000000003 airplane 0
176 206.99999999999997 187 206.99999999999997 187 217.00000000000003 176 217.00000000000003 airplane 0
169 224 180 224 180 236 169 236 airplane 0
161 229 173 229 173 240 161 240 airplane 0
167 245.99999999999997 184 245.99999999999997 184 261 167 261 airplane 0
172 257 182 257 182 267 172 267 airplane 0
155.00000000000003 278 165 278 165 288 155.00000000000003 288 airplane 0
132 251 157.99999999999997 251 157.99999999999997 276 132 276 airplane 0
143 278 157.99999999999997 278 157.99999999999997 293 143 293 airplane 0
127 278 139 278 139 288 127 288 airplane 0
127 296 145 296 145 314 127 314 airplane 0
118 315 131 315 131 326 118 326 airplane 0
106 333.00000000000006 120 333.00000000000006 120 347 106 347 airplane 0
74 337 89 337 89 352 74 352 airplane 0
35 301 51.00000000000001 301 51.00000000000001 315 35 315 airplane 0
434.00000000000006 335 446 335 446 346 434.00000000000006 346 airplane 0
501 268 511 268 511 278 501 278 airplane 0
524 291 534 291 534 301 524 301 airplane 0
100 91 109.99999999999999 91 109.99999999999999 102.00000000000001 100 102.00000000000001 airplane 0
96.99999999999999 82 108 82 108 94 96.99999999999999 94 airplane 0
89 81 100 81 100 94 89 94 airplane 0
81 70 93 70 93 81 81 81 airplane 0
72 67 83 67 83 81 72 81 airplane 0
45 46 58 46 58 62 45 62 airplane 0
35 36 49 36 49 50 35 50 airplane 0
13 22 28 22 28 38 13 38 airplane 0
24 120 36 120 36 131 24 131 airplane 0
13 127 23 127 23 139 13 139 airplane 0
1 135 13 135 13 149 1 149 airplane 0
1 149 6 149 6 164 1 164 airplane 0