279 95 297 95 297 111 279 111 airplane 0
284 132 315 132 315 162 284 162 airplane 0
284 177 318 177 318 208 284 208 airplane 0
238 226 271 226 271 260 238 260 airplane 0
125 133 159 133 159 164 125 164 airplane 0
125 170.99999999999997 159 170.99999999999997 159 205 125 205 airplane 0
197 172 228 172 228 201 197 201 airplane 0
195 217.00000000000003 229 217.00000000000003 229 248 195 248 airplane 0
124 216 159 216 159 245.99999999999997 124 245.99999999999997 airplane 0
1 219.99999999999997 10 219.99999999999997 10 261 1 261 airplane 0
1 180 10 180 10 222 1 222 airplane 0
41 193 77 193 77 224 41 224 airplane 0
40 226 73 226 73 254 40 254 airplane 0
38 355 68 355 68 387 38 387 airplane 0
353 144 380 144 380 169 353 169 airplane 0
350 175 384 175 384 205 350 205 airplane 0
284 224 315 224 315 254 284 254 airplane 0
287 264 315 264 315 289 287 289 airplane 0
195 266 229 266 229 296 195 296 airplane 0
128 260 159 260 159 283 128 283 airplane 0
125 302 159 302 159 329 125 329 airplane 0
197 302 231 302 231 332 197 332 airplane 0
198 333.00000000000006 229 333.00000000000006 229 367 198 367 airplane 0
199 367 229 367 229 397 199 397 airplane 0
281 335 315.99999999999994 335 315.99999999999994 369 281 369 airplane 0
241 368 270 368 270 399 241 399 airplane 0
7 407 37 407 37 442 7 442 airplane 0
122.99999999999999 335 154 335 154 367 122.99999999999999 367 airplane 0
125 369 156 369 156 398 125 398 airplane 0
129 403 153 403 153 427 129 427 airplane 0
198 402 226 402 226 427 198 427 airplane 0
387 393 418 393 418 430 387 430 airplane 0
483.00000000000006 588 505 588 505 599 483.00000000000006 599 airplane 0
348 400 379 400 379 429 348 429 airplane 0
429 409 445 409 445 431 429 431 airplane 0
351 304 383 304 383 334 351 334 airplane 0
351 239 381 239 381 268 351 268 airplane 0
349 206 384 206 384 237 349 237 airplane 0
351 336.00000000000006 381 336.00000000000006 381 364.99999999999994 351 364.99999999999994 airplane 0
347 367 382 367 382 400 347 400 airplane 0
549 369 565 369 565 387 549 387 airplane 0
526 367 542 367 542 387 526 387 airplane 0
504 368 519 368 519 387.99999999999994 504 387.99999999999994 airplane 0
575 127 593 127 593 147 575 147 airplane 0
556 137 574 137 574 153 556 153 airplane 0
484 369 498 369 498 387.99999999999994 484 387.99999999999994 airplane 0
461 368 477 368 477 390.99999999999994 461 390.99999999999994 airplane 0
464 336.00000000000006 485 336.00000000000006 485 355 464 355 airplane 0
461 309 479 309 479 327 461 327 airplane 0
462.99999999999994 290 479 290 479 309 462.99999999999994 309 airplane 0
470 269 486.00000000000006 269 486.00000000000006 285 470 285 airplane 0
538 135 554 135 554 156 538 156 airplane 0
516 135 534 135 534 154 516 154 airplane 0
461 157 479 157 479 176 461 176 airplane 0
456 178 484 178 484 201 456 201 airplane 0