144 205 186 205 186 245 144 245 airplane 0
118 120 141 120 141 144 118 144 airplane 0
78.99999999999999 149 100 149 100 179 78.99999999999999 179 airplane 0
47 106 66 106 66 129 47 129 airplane 0
271 459 286 459 286 478 271 478 airplane 0
291 446 307 446 307 469 291 469 airplane 0
310.00000000000006 498 330 498 330 525 310.00000000000006 525 airplane 0
333.00000000000006 479 357 479 357 514 333.00000000000006 514 airplane 0
354 465.99999999999994 375 465.99999999999994 375 495 354 495 airplane 0
384 533 402 533 402 558 384 558 airplane 0
430 451 457 451 457 482 430 482 airplane 0
7 51.00000000000001 24 51.00000000000001 24 68 7 68 airplane 0
196 262 211 262 211 279 196 279 airplane 0
213 251 229 251 229 272 213 272 airplane 0
218 277 238 277 238 298 218 298 airplane 0
236 266 249 266 249 286 236 286 airplane 0
250 343 268 343 268 361 250 361 airplane 0
267 345 281 345 281 362.00000000000006 267 362.00000000000006 airplane 0
314 312.99999999999994 326 312.99999999999994 326 330 314 330 airplane 0
270 334 281 334 281 350 270 350 airplane 0
281 334 294 334 294 352 281 352 airplane 0
297 323 311 323 311 340 297 340 airplane 0
231 311 245.99999999999997 311 245.99999999999997 330 231 330 airplane 0
295 269 307 269 307 289 295 289 airplane 0
248 303 262 303 262 317 248 317 airplane 0
264 293 279 293 279 308 264 308 airplane 0
279 280 292 280 292 298 279 298 airplane 0
243.00000000000003 226 258 226 258 249 243.00000000000003 249 airplane 0
273 376 291 376 291 397 273 397 airplane 0
289 378 302 378 302 396 289 396 airplane 0
302 363 319 363 319 386 302 386 airplane 0
318 356 335 356 335 377 318 377 airplane 0
322 344 337 344 337 362.00000000000006 322 362.00000000000006 airplane 0
337 334 354 334 354 353 337 353 airplane 0