299 454 312 454 312 469 299 469 airplane 0
323 495 341 495 341 516 323 516 airplane 0
383 532 401 532 401 552 383 552 airplane 0
404 478 425 478 425 497 404 497 airplane 0
487 448 502 448 502 464 487 464 airplane 0
512 367 528 367 528 386 512 386 airplane 0
189 258 202 258 202 273 189 273 airplane 0
232 262 247 262 247 278 232 278 airplane 0
266 248 281 248 281 263 266 263 airplane 0
287 248 307 248 307 262 287 262 airplane 0
408.00000000000006 240 421 240 421 252 408.00000000000006 252 airplane 0
353 241 367 241 367 258 353 258 airplane 0
315.99999999999994 231 334 231 334 250 315.99999999999994 250 airplane 0
256 477 272 477 272 488.99999999999994 256 488.99999999999994 airplane 0
245.99999999999997 403 258 403 258 418 245.99999999999997 418 airplane 0
237 371 250 371 250 385.00000000000006 237 385.00000000000006 airplane 0
230.00000000000003 336.00000000000006 244 336.00000000000006 244 351 230.00000000000003 351 airplane 0
225 320 243.00000000000003 320 243.00000000000003 332 225 332 airplane 0
311 560 328 560 328 577 311 577 airplane 0
81 281 99 281 99 302 81 302 airplane 0
122.99999999999999 320 137 320 137 336.00000000000006 122.99999999999999 336.00000000000006 airplane 0
128 333.00000000000006 141 333.00000000000006 141 347 128 347 airplane 0
138 327 152 327 152 338 138 338 airplane 0
96 265 102.00000000000001 265 102.00000000000001 274 96 274 airplane 0
86 267 95 267 95 277 86 277 airplane 0
129 284 139 284 139 298 129 298 airplane 0
138 291 152 291 152 306 138 306 airplane 0
139 285 157.99999999999997 285 157.99999999999997 294 139 294 airplane 0
139 266 155.00000000000003 266 155.00000000000003 276 139 276 airplane 0
93 345 108 345 108 357 93 357 airplane 0
254 553 266 553 266 565 254 565 airplane 0
240 555 250 555 250 567 240 567 airplane 0
203 542 221 542 221 558 203 558 airplane 0
108 364 121 364 121 379 108 379 airplane 0
87 354 102.00000000000001 354 102.00000000000001 368 87 368 airplane 0
99 364 111 364 111 375 99 375 airplane 0
118 359.00000000000006 130 359.00000000000006 130 372 118 372 airplane 0