319 287 336.00000000000006 287 336.00000000000006 307 319 307 airplane 0
594 378 599 378 599 406 594 406 airplane 0
275 240 285 240 285 253 275 253 airplane 0
241 230.00000000000003 252 230.00000000000003 252 241 241 241 airplane 0
226 229 234 229 234 236 226 236 airplane 0
209 221 217.00000000000003 221 217.00000000000003 232.99999999999997 209 232.99999999999997 airplane 0
191 215 200 215 200 224 191 224 airplane 0
33 185 48 185 48 206 33 206 airplane 0
34 159 54.99999999999999 159 54.99999999999999 176 34 176 airplane 0
8 173 23 173 23 192 8 192 airplane 0
1 160 5 160 5 185 1 185 airplane 0
1 145 15 145 15 164 1 164 airplane 0
439 543 457 543 457 559 439 559 airplane 0
254 193 262 193 262 202 254 202 airplane 0
238 183 245.99999999999997 183 245.99999999999997 191 238 191 airplane 0
221 175 232 175 232 187 221 187 airplane 0
329 165 337 165 337 172 329 172 airplane 0
343 161 349 161 349 172 343 172 airplane 0
332 156 341 156 341 166 332 166 airplane 0
296 135 305 135 305 146 296 146 airplane 0
289 129 298 129 298 136 289 136 airplane 0
301 128 310.00000000000006 128 310.00000000000006 138 301 138 airplane 0
294 120 302 120 302 129 294 129 airplane 0