575 563 594 563 594 583 575 583 airplane 0
484 444 493 444 493 452 484 452 airplane 0
465 423 474 423 474 434.00000000000006 465 434.00000000000006 airplane 0
437.00000000000006 495 447 495 447 505 437.00000000000006 505 airplane 0
423 495 432 495 432 506 423 506 airplane 0
408.00000000000006 495 418 495 418 508 408.00000000000006 508 airplane 0
393 498 403 498 403 510 393 510 airplane 0
322 505 337 505 337 523 322 523 airplane 0
227 518 235 518 235 529 227 529 airplane 0
212 519 221 519 221 531 212 531 airplane 0
335 404 351 404 351 422 335 422 airplane 0
402 397 416.99999999999994 397 416.99999999999994 415 402 415 airplane 0
493 156 503 156 503 167 493 167 airplane 0
485 185 493 185 493 197 485 197 airplane 0
421 225 436 225 436 243.00000000000003 421 243.00000000000003 airplane 0
373 398 383 398 383 408.00000000000006 373 408.00000000000006 airplane 0
307 385.00000000000006 315.99999999999994 385.00000000000006 315.99999999999994 394 307 394 airplane 0
301 398 312 398 312 408.00000000000006 301 408.00000000000006 airplane 0
225 426 234 426 234 438 225 438 airplane 0
196 430 204.00000000000003 430 204.00000000000003 442 196 442 airplane 0
153 394 164 394 164 407 153 407 airplane 0
147 409 157 409 157 418 147 418 airplane 0
152 435 162 435 162 443 152 443 airplane 0
147 422 157.99999999999997 422 157.99999999999997 433 147 433 airplane 0
120 389 140 389 140 410 120 410 airplane 0
101 421 112 421 112 432 101 432 airplane 0
164 309 188 309 188 340 164 340 airplane 0
135 294 152 294 152 312 135 312 airplane 0
153 255 167 255 167 273 153 273 airplane 0
134 255 150 255 150 273 134 273 airplane 0
160 206.99999999999997 177 206.99999999999997 177 225 160 225 airplane 0
184 206.99999999999997 193.99999999999997 206.99999999999997 193.99999999999997 219.99999999999997 184 219.99999999999997 airplane 0
199 198 214 198 214 217.00000000000003 199 217.00000000000003 airplane 0
218 198 228 198 228 208 218 208 airplane 0
229 198 248 198 248 219.99999999999997 229 219.99999999999997 airplane 0
243.00000000000003 215 254 215 254 224 243.00000000000003 224 airplane 0
281 190 291 190 291 199 281 199 airplane 0
292 217.00000000000003 303 217.00000000000003 303 226 292 226 airplane 0
279 237 288 237 288 245 279 245 airplane 0
279 245 289 245 289 256 279 256 airplane 0
96 119 118 119 118 140 96 140 airplane 0
144 96 159 96 159 107 144 107 airplane 0
141 65 151 65 151 75 141 75 airplane 0
118 15 131 15 131 30 118 30 airplane 0
78 1 102.00000000000001 1 102.00000000000001 12 78 12 airplane 0