387.99999999999994 319 416 319 416 356 387.99999999999994 356 airplane 0
441 325 465.99999999999994 325 465.99999999999994 351 441 351 airplane 0
488 323 517 323 517 357 488 357 airplane 0
541 326 565 326 565 356 541 356 airplane 0
592 325 599 325 599 363 592 363 airplane 0
513 228 535 228 535 253 513 253 airplane 0
551 230.00000000000003 570 230.00000000000003 570 249 551 249 airplane 0
590 216 599 216 599 245.99999999999997 590 245.99999999999997 airplane 0
247 200 263 200 263 224 247 224 airplane 0
225 206 239 206 239 223 225 223 airplane 0
205 206 219 206 219 223 205 223 airplane 0
157.99999999999997 200 173 200 173 219.99999999999997 157.99999999999997 219.99999999999997 airplane 0
140 204.00000000000003 153 204.00000000000003 153 219.99999999999997 140 219.99999999999997 airplane 0
116 198 136 198 136 218 116 218 airplane 0
98 465 118 465 118 484 98 484 airplane 0
119 422 141 422 141 438 119 438 airplane 0
119 380 145 380 145 402 119 402 airplane 0
118 350 136 350 136 362.00000000000006 118 362.00000000000006 airplane 0
125 309 145 309 145 327 125 327 airplane 0
159 296 177 296 177 315 159 315 airplane 0
187 294 208 294 208 317 187 317 airplane 0
219.99999999999997 310.00000000000006 238 310.00000000000006 238 325 219.99999999999997 325 airplane 0
223 351 247 351 247 374 223 374 airplane 0