167 272 199 272 199 315 167 315 airplane 0
276 255 312.99999999999994 255 312.99999999999994 293 276 293 airplane 0
36 245.99999999999997 60 245.99999999999997 60 269 36 269 airplane 0
192 236 224 236 224 272 192 272 airplane 0
28 200 57 200 57 238 28 238 airplane 0
482 140 526 140 526 176 482 176 airplane 0
227 135 257 135 257 164 227 164 airplane 0
198 111 226 111 226 138 198 138 airplane 0
332 103 364.99999999999994 103 364.99999999999994 134 332 134 airplane 0
72 84.00000000000001 93 84.00000000000001 93 109 72 109 airplane 0
28 80 52 80 52 100 28 100 airplane 0
338 67 364 67 364 95 338 95 airplane 0
208 62 231 62 231 91 208 91 airplane 0
10 56 26 56 26 78.99999999999999 10 78.99999999999999 airplane 0
236 37 268 37 268 74 236 74 airplane 0
270 23 298 23 298 57 270 57 airplane 0
412 12 430 12 430 30 412 30 airplane 0