341.99999999999994 361 370 361 370 385.00000000000006 341.99999999999994 385.00000000000006 airplane 0
509.00000000000006 216 535 216 535 242 509.00000000000006 242 airplane 0
573 211 595 211 595 234 573 234 airplane 0
527 242 551 242 551 264 527 264 airplane 0
532 269 559 269 559 293 532 293 airplane 0
581 304 599 304 599 334 581 334 airplane 0
591 264 599 264 599 285 591 285 airplane 0
159 195 175 195 175 211 159 211 airplane 0
465.99999999999994 269 476 269 476 285 465.99999999999994 285 airplane 0
370 290 392 290 392 304 370 304 airplane 0
427 229 442 229 442 245 427 245 airplane 0
426 268 441 268 441 286 426 286 airplane 0
404 265 420 265 420 287 404 287 airplane 0
423 215 434.00000000000006 215 434.00000000000006 226 423 226 airplane 0
308 191 325 191 325 204.00000000000003 308 204.00000000000003 airplane 0
269 186 287 186 287 201 269 201 airplane 0
334 279 354 279 354 297 334 297 airplane 0
314 251 330 251 330 264 314 264 airplane 0
295 245 308 245 308 258 295 258 airplane 0
134 153 148 153 148 170 134 170 airplane 0
106 192 118 192 118 206 106 206 airplane 0