386 460.00000000000006 424 460.00000000000006 424 501 386 501 airplane 0
351 418 374 418 374 448 351 448 airplane 0
329 413.99999999999994 346 413.99999999999994 346 439.99999999999994 329 439.99999999999994 airplane 0
389 332 410 332 410 360 389 360 airplane 0
351 323 375 323 375 351 351 351 airplane 0
558 317 581 317 581 344 558 344 airplane 0
315 315 340 315 340 344 315 344 airplane 0
434.00000000000006 247 473 247 473 288 434.00000000000006 288 airplane 0
371 230.00000000000003 395 230.00000000000003 395 256 371 256 airplane 0
346 226 369 226 369 250 346 250 airplane 0
287 575 320 575 320 599 287 599 airplane 0
332 84.00000000000001 357 84.00000000000001 357 111 332 111 airplane 0
468 81 494 81 494 113 468 113 airplane 0
387 559 412 559 412 587 387 587 airplane 0
490 38 523 38 523 63 490 63 airplane 0
364.99999999999994 557 387 557 387 584 364.99999999999994 584 airplane 0
338 551 361 551 361 579 338 579 airplane 0
261 530 286 530 286 563 261 563 airplane 0