211 379 229 379 229 395 211 395 airplane 0
231 300 249 300 249 323 231 323 airplane 0
369 245 387.99999999999994 245 387.99999999999994 270 369 270 airplane 0
364 166 381 166 381 188 364 188 airplane 0
465.99999999999994 228 480 228 480 245.99999999999997 465.99999999999994 245.99999999999997 airplane 0
501 251 519 251 519 272 501 272 airplane 0
517 263 535 263 535 284 517 284 airplane 0
532 273 552 273 552 294 532 294 airplane 0
488.99999999999994 588 512 588 512 599 488.99999999999994 599 airplane 0
471 590 491 590 491 599 471 599 airplane 0
497 517 515 517 515 538 497 538 airplane 0
484 500 505 500 505 519 484 519 airplane 0
553 420 577 420 577 439 553 439 airplane 0
532 398 543 398 543 413.99999999999994 532 413.99999999999994 airplane 0
514 401 531 401 531 423 514 423 airplane 0
444 444 461 444 461 461 444 461 airplane 0
427 430 448 430 448 449 427 449 airplane 0
410 378 432 378 432 397 410 397 airplane 0
410 312.99999999999994 427 312.99999999999994 427 335 410 335 airplane 0
279 400 299 400 299 426 279 426 airplane 0
372 326 387.99999999999994 326 387.99999999999994 343 372 343 airplane 0
78.99999999999999 381 94 381 94 398 78.99999999999999 398 airplane 0
76 15 95 15 95 42.00000000000001 76 42.00000000000001 airplane 0
58 5 76 5 76 29 58 29 airplane 0
278 0 292 0 292 3 278 3 airplane 0