503 310.00000000000006 541 310.00000000000006 541 350 503 350 airplane 0
462 312.99999999999994 498 312.99999999999994 498 351 462 351 airplane 0
402 351 441 351 441 387.99999999999994 402 387.99999999999994 airplane 0
360 348 385.00000000000006 348 385.00000000000006 378 360 378 airplane 0
368 287 394 287 394 311 368 311 airplane 0
328 393 362.00000000000006 393 362.00000000000006 422 328 422 airplane 0
320 371 343 371 343 392 320 392 airplane 0
294 308 317 308 317 328 294 328 airplane 0
24 280 56 280 56 312 24 312 airplane 0
157 338 191 338 191 374 157 374 airplane 0
212 345 249 345 249 385.00000000000006 212 385.00000000000006 airplane 0
253 376 277 376 277 403 253 403 airplane 0
160 284 189 284 189 315 160 315 airplane 0
133 252 160 252 160 282 133 282 airplane 0
101 219 134 219 134 255 101 255 airplane 0
68 181.00000000000003 106 181.00000000000003 106 225 68 225 airplane 0
37 148 72 148 72 183 37 183 airplane 0
75 84.00000000000001 108 84.00000000000001 108 116 75 116 airplane 0
112 101 139 101 139 135 112 135 airplane 0
145 118 172 118 172 155.00000000000003 145 155.00000000000003 airplane 0