10 484 22 484 22 497 10 497 airplane 0
28 483.00000000000006 38 483.00000000000006 38 496 28 496 airplane 0
50 476 64 476 64 491.99999999999994 50 491.99999999999994 airplane 0
78 464 93 464 93 483.00000000000006 78 483.00000000000006 airplane 0
28 467 39 467 39 479 28 479 airplane 0
116 459 128 459 128 475 116 475 airplane 0
98 457 113 457 113 475 98 475 airplane 0
25 456 39 456 39 469 25 469 airplane 0
113 445 125 445 125 464 113 464 airplane 0
25 443 40 443 40 455 25 455 airplane 0
86 432 99 432 99 451 86 451 airplane 0
111 434.00000000000006 126 434.00000000000006 126 448 111 448 airplane 0
98 426 109.99999999999999 426 109.99999999999999 441 98 441 airplane 0
0 423 7 423 7 437.00000000000006 0 437.00000000000006 airplane 0
26 425 40 425 40 433 26 433 airplane 0
109.99999999999999 416.99999999999994 124 416.99999999999994 124 432 109.99999999999999 432 airplane 0
0 413 6 413 6 426 0 426 airplane 0
78.99999999999999 405 91 405 91 422 78.99999999999999 422 airplane 0
94 402 107 402 107 421 94 421 airplane 0
0 401 8 401 8 413.99999999999994 0 413.99999999999994 airplane 0
109.99999999999999 398 122 398 122 413 109.99999999999999 413 airplane 0
315 385.00000000000006 346 385.00000000000006 346 420 315 420 airplane 0
0 387.99999999999994 9 387.99999999999994 9 403 0 403 airplane 0
85 386 98 386 98 399 85 399 airplane 0
458 292 475 292 475 314 458 314 airplane 0
75 73 83 73 83 82 75 82 airplane 0
88 70 95 70 95 78 88 78 airplane 0
112 67 119 67 119 78 112 78 airplane 0
100 67 108 67 108 75 100 75 airplane 0
122 66 131 66 131 75 122 75 airplane 0
135 63 142 63 142 75 135 75 airplane 0
27 45 36 45 36 59 27 59 airplane 0
9 31 22 31 22 45 9 45 airplane 0