586 118 599 118 599 145 586 145 airplane 0
545 70 599 70 599 153 545 153 airplane 0
478 235 504 235 504 261 478 261 airplane 0
486.00000000000006 258 512 258 512 283 486.00000000000006 283 airplane 0
442 261 461 261 461 279 442 279 airplane 0
353 295 370 295 370 312.99999999999994 353 312.99999999999994 airplane 0
387 292 401 292 401 307 387 307 airplane 0
378 266 394 266 394 280 378 280 airplane 0
377 250 387.99999999999994 250 387.99999999999994 263 377 263 airplane 0
372 235 384 235 384 251 372 251 airplane 0
367 222 378 222 378 237 367 237 airplane 0
361 205 376 205 376 221 361 221 airplane 0
327 187 341.99999999999994 187 341.99999999999994 202 327 202 airplane 0
303 94 322 94 322 114 303 114 airplane 0
167 89 187 89 187 112 167 112 airplane 0
141 83 157 83 157 102.00000000000001 141 102.00000000000001 airplane 0
93 88 109 88 109 104 93 104 airplane 0
164 181.00000000000003 179 181.00000000000003 179 193 164 193 airplane 0
179 181.00000000000003 198 181.00000000000003 198 197 179 197 airplane 0
195 189 213 189 213 203 195 203 airplane 0
211 189 229 189 229 206 211 206 airplane 0
228 190 243.00000000000003 190 243.00000000000003 205 228 205 airplane 0
242 193 258 193 258 206 242 206 airplane 0
249 161 267 161 267 180 249 180 airplane 0
429 402 442 402 442 413 429 413 airplane 0
437.00000000000006 413.99999999999994 451 413.99999999999994 451 427 437.00000000000006 427 airplane 0
419 434.00000000000006 434.00000000000006 434.00000000000006 434.00000000000006 448 419 448 airplane 0
412 422 424 422 424 434.00000000000006 412 434.00000000000006 airplane 0
404 412 416.99999999999994 412 416.99999999999994 425 404 425 airplane 0
397 401 408.00000000000006 401 408.00000000000006 413.99999999999994 397 413.99999999999994 airplane 0
472 419 491 419 491 435 472 435 airplane 0
419 480 433 480 433 491.99999999999994 419 491.99999999999994 airplane 0
408.00000000000006 434.00000000000006 420 434.00000000000006 420 448 408.00000000000006 448 airplane 0
398 423 412 423 412 438 398 438 airplane 0
216 442 232.99999999999997 442 232.99999999999997 458 216 458 airplane 0
206 454 219.99999999999997 454 219.99999999999997 472 206 472 airplane 0
166 413.99999999999994 186 413.99999999999994 186 434.00000000000006 166 434.00000000000006 airplane 0
152 403 170.99999999999997 403 170.99999999999997 419 152 419 airplane 0
152 389 170.99999999999997 389 170.99999999999997 404 152 404 airplane 0
138 387.99999999999994 156 387.99999999999994 156 404 138 404 airplane 0
125 374 144 374 144 390 125 390 airplane 0
111 357 130 357 130 375 111 375 airplane 0
115.00000000000001 122.99999999999999 128 122.99999999999999 128 142 115.00000000000001 142 airplane 0
166 64 191 64 191 86 166 86 airplane 0
138 67 157.99999999999997 67 157.99999999999997 82 138 82 airplane 0
78.99999999999999 70 98 70 98 89 78.99999999999999 89 airplane 0
429 561 445 561 445 580 429 580 airplane 0
407 582 421 582 421 598 407 598 airplane 0
393 572 408.00000000000006 572 408.00000000000006 588 393 588 airplane 0
384 560 397 560 397 576 384 576 airplane 0
373 551 387 551 387 566 373 566 airplane 0
363 539 377 539 377 555 363 555 airplane 0
390 514 405 514 405 529 390 529 airplane 0
378 589 390 589 390 599 378 599 airplane 0
366 597 381 597 381 599 366 599 airplane 0
366 575 380 575 380 585 366 585 airplane 0
372 583 383 583 383 596 372 596 airplane 0
355 568 370 568 370 579 355 579 airplane 0
349 578 363 578 363 592 349 592 airplane 0
357 584 372 584 372 598 357 598 airplane 0
349 557 363 557 363 571 349 571 airplane 0