226 52 245.99999999999997 52 245.99999999999997 69 226 69 airplane 0
221 73 251 73 251 93 221 93 airplane 0
226 99 252 99 252 119 226 119 airplane 0
0 109 17 109 17 131 0 131 airplane 0
242 457 272 457 272 480 242 480 airplane 0
252 290 276 290 276 310.00000000000006 252 310.00000000000006 airplane 0
242 241 271 241 271 266 242 266 airplane 0
428 31 458 31 458 54.99999999999999 428 54.99999999999999 airplane 0
437.00000000000006 85 460.00000000000006 85 460.00000000000006 103 437.00000000000006 103 airplane 0
437.00000000000006 103 465.99999999999994 103 465.99999999999994 124 437.00000000000006 124 airplane 0
439.99999999999994 142 471 142 471 166 439.99999999999994 166 airplane 0
446 187 475 187 475 209 446 209 airplane 0
451 211 479 211 479 238 451 238 airplane 0
455 241 477 241 477 259 455 259 airplane 0
449 375 471 375 471 397 449 397 airplane 0
398 468 427 468 427 491 398 491 airplane 0