27 401 42.00000000000001 401 42.00000000000001 425 27 425 airplane 0
31 358 48 358 48 373 31 373 airplane 0
0 321 18 321 18 334 0 334 airplane 0
0 234 14 234 14 247 0 247 airplane 0
31 149 47 149 47 164 31 164 airplane 0
42.00000000000001 135 60 135 60 150 42.00000000000001 150 airplane 0
120 95 135 95 135 111 120 111 airplane 0
138 60 156 60 156 77 138 77 airplane 0
0 1 25 1 25 32 0 32 airplane 0
48 1 83 1 83 20 48 20 airplane 0
371 1 404 1 404 20 371 20 airplane 0
326 40 346 40 346 65 326 65 airplane 0
401 32 421 32 421 54.99999999999999 401 54.99999999999999 airplane 0
426 23 451 23 451 58 426 58 airplane 0
456 37 476 37 476 65 456 65 airplane 0
559 24 592 24 592 64 559 64 airplane 0
515 92 534 92 534 109.99999999999999 515 109.99999999999999 airplane 0
542 129 576 129 576 165 542 165 airplane 0
554 293 578 293 578 312 554 312 airplane 0
521 355 543 355 543 374 521 374 airplane 0
507 409 535 409 535 432 507 432 airplane 0
564 420 587 420 587 443 564 443 airplane 0
477 544 506 544 506 565 477 565 airplane 0
126 444 139 444 139 460.00000000000006 126 460.00000000000006 airplane 0