389 465 402 465 402 478 389 478 airplane 0
256 459 265 459 265 471 256 471 airplane 0
243.00000000000003 449 253 449 253 465 243.00000000000003 465 airplane 0
350 442 366 442 366 457 350 457 airplane 0
285 438 300 438 300 453 285 453 airplane 0
230.00000000000003 426 245 426 245 441 230.00000000000003 441 airplane 0
135 329 151 329 151 343 135 343 airplane 0
87 327 104 327 104 341 87 341 airplane 0
72 314 90 314 90 329 72 329 airplane 0
113 294 122.99999999999999 294 122.99999999999999 309 113 309 airplane 0
62 273 78.99999999999999 273 78.99999999999999 288 62 288 airplane 0
149 268 162 268 162 282 149 282 airplane 0