367 470 383 470 383 488.99999999999994 367 488.99999999999994 airplane 0
399 467 422 467 422 493 399 493 airplane 0
400 580 427 580 427 599 400 599 airplane 0
412 135 441 135 441 165 412 165 airplane 0
310.00000000000006 184 336.00000000000006 184 336.00000000000006 208 310.00000000000006 208 airplane 0
277 81 298 81 298 103 277 103 airplane 0
256 295 277 295 277 318 256 318 airplane 0
238 315 265 315 265 341.99999999999994 238 341.99999999999994 airplane 0
227 346 252 346 252 371 227 371 airplane 0
203 394 225 394 225 413 203 413 airplane 0
119 410 144 410 144 435 119 435 airplane 0
143 501 156 501 156 513 143 513 airplane 0
133 510 145 510 145 521 133 521 airplane 0
134 383 157 383 157 409 134 409 airplane 0
157.99999999999997 338 181.00000000000003 338 181.00000000000003 361 157.99999999999997 361 airplane 0
166 315 190 315 190 340 166 340 airplane 0
193 263 218 263 218 292 193 292 airplane 0
205 244 229 244 229 269 205 269 airplane 0
223 215 245.99999999999997 215 245.99999999999997 238 223 238 airplane 0
234 193.99999999999997 257 193.99999999999997 257 215 234 215 airplane 0
245 168.00000000000003 268 168.00000000000003 268 192 245 192 airplane 0
260 141 284 141 284 165 260 165 airplane 0
238 120 256 120 256 143 238 143 airplane 0
211 105 232 105 232 132 211 132 airplane 0