98 58 126 58 126 82 98 82 airplane 0
196 172 212 172 212 186 196 186 airplane 0
26 265 53 265 53 288 26 288 airplane 0
1 337 18 337 18 352 1 352 airplane 0
0 359.00000000000006 17 359.00000000000006 17 381 0 381 airplane 0
161 395 181.00000000000003 395 181.00000000000003 419 161 419 airplane 0
343 518 368 518 368 539 343 539 airplane 0
167 533 192 533 192 556 167 556 airplane 0
132 488.99999999999994 155.00000000000003 488.99999999999994 155.00000000000003 511 132 511 airplane 0
157.99999999999997 501 182 501 182 521 157.99999999999997 521 airplane 0
200 503 221 503 221 523 200 523 airplane 0
457 237 469 237 469 255 457 255 airplane 0
465 363 491 363 491 386 465 386 airplane 0
476 340 502 340 502 362.00000000000006 476 362.00000000000006 airplane 0
156 462 177 462 177 483.00000000000006 156 483.00000000000006 airplane 0
219.99999999999997 431 243.00000000000003 431 243.00000000000003 453 219.99999999999997 453 airplane 0
244 419 266 419 266 444 244 444 airplane 0
240 303 264 303 264 328 240 328 airplane 0
264 407 287 407 287 431 264 431 airplane 0
254 475 276 475 276 499 254 499 airplane 0
279 461 301 461 301 485 279 485 airplane 0
376 402 398 402 398 424 376 424 airplane 0
255 328 268 328 268 341 255 341 airplane 0
267 352 282 352 282 366 267 366 airplane 0
285 269 306 269 306 290 285 290 airplane 0
532 436 555 436 555 458 532 458 airplane 0
307 452 322 452 322 465 307 465 airplane 0
299 298 312 298 312 312 299 312 airplane 0
200 345 213 345 213 358 200 358 airplane 0
361 455 374 455 374 469 361 469 airplane 0
382 465 398 465 398 477 382 477 airplane 0
508 531 527 531 527 549 508 549 airplane 0
457 434.00000000000006 474 434.00000000000006 474 450 457 450 airplane 0
247 525 263 525 263 539 247 539 airplane 0
475 436 497 436 497 460.00000000000006 475 460.00000000000006 airplane 0
500 444 520 444 520 468 500 468 airplane 0
561 416.99999999999994 580 416.99999999999994 580 439 561 439 airplane 0
480 491.99999999999994 494 491.99999999999994 494 514 480 514 airplane 0
506 557 534 557 534 583 506 583 airplane 0
390.99999999999994 581 406 581 406 593 390.99999999999994 593 airplane 0