95 56 124 56 124 81 95 81 airplane 0
193.99999999999997 173 211 173 211 187 193.99999999999997 187 airplane 0
22 267 49 267 49 291 22 291 airplane 0
0 338 16 338 16 356 0 356 airplane 0
0 362.00000000000006 14 362.00000000000006 14 385.00000000000006 0 385.00000000000006 airplane 0
160 399 180 399 180 424 160 424 airplane 0
344 524 370 524 370 546 344 546 airplane 0
166 540 191 540 191 563 166 563 airplane 0
130 495 154 495 154 517 130 517 airplane 0
157 507 181.00000000000003 507 181.00000000000003 527 157 527 airplane 0
199 509.00000000000006 219.99999999999997 509.00000000000006 219.99999999999997 529 199 529 airplane 0
461 239 473 239 473 257 461 257 airplane 0
469 367 496 367 496 390 469 390 airplane 0
479 343 506 343 506 366 479 366 airplane 0
155.00000000000003 468 176 468 176 488.99999999999994 155.00000000000003 488.99999999999994 airplane 0
219 436 243.00000000000003 436 243.00000000000003 459 219 459 airplane 0
244 424 266 424 266 449 244 449 airplane 0
240 306 264 306 264 332 240 332 airplane 0
264 412 288 412 288 436 264 436 airplane 0
254 481 276 481 276 506 254 506 airplane 0
280 467 302 467 302 491 280 491 airplane 0
378 406 400 406 400 429 378 429 airplane 0
255 332 268 332 268 345 255 345 airplane 0
267 355 283 355 283 370 267 370 airplane 0
286 271 307 271 307 293 286 293 airplane 0
537 441 560 441 560 464 537 464 airplane 0
308 458 324 458 324 471 308 471 airplane 0
300 301 312.99999999999994 301 312.99999999999994 315 300 315 airplane 0
199 348 212 348 212 362.00000000000006 199 362.00000000000006 airplane 0
362.00000000000006 461 376 461 376 475 362.00000000000006 475 airplane 0
384 471 400 471 400 483.00000000000006 384 483.00000000000006 airplane 0
512 538 531 538 531 556 512 556 airplane 0
461 439 478 439 478 456 461 456 airplane 0
247 531 263 531 263 546 247 546 airplane 0
479 441 502 441 502 465.99999999999994 479 465.99999999999994 airplane 0
504 450 524 450 524 474 504 474 airplane 0
566 422 586 422 586 444 566 444 airplane 0
484 498 499 498 499 520 484 520 airplane 0
510 564 538 564 538 591 510 591 airplane 0
393 587 411.00000000000006 587 411.00000000000006 599 393 599 airplane 0