302 131 315 131 315 145 302 145 airplane 0
326 86 343 86 343 106 326 106 airplane 0
384 50 401 50 401 70 384 70 airplane 0
403 104 424 104 424 122.99999999999999 403 122.99999999999999 airplane 0
484 136 499 136 499 152 484 152 airplane 0
509.00000000000006 212 524 212 524 230.00000000000003 509.00000000000006 230.00000000000003 airplane 0
196 321 209 321 209 336.00000000000006 196 336.00000000000006 airplane 0
238 315.99999999999994 252 315.99999999999994 252 331 238 331 airplane 0
270 330 285 330 285 345 270 345 airplane 0
290 331 310.00000000000006 331 310.00000000000006 345 290 345 airplane 0
408.00000000000006 341 421 341 421 353 408.00000000000006 353 airplane 0
355 336.00000000000006 368 336.00000000000006 368 352 355 352 airplane 0
319 343 336.00000000000006 343 336.00000000000006 361 319 361 airplane 0
261 112 277 112 277 124 261 124 airplane 0
251 181.00000000000003 263 181.00000000000003 263 195 251 195 airplane 0
242 213 255 213 255 226 242 226 airplane 0
236 245 250 245 250 260 236 260 airplane 0
230.00000000000003 264 247 264 247 276 230.00000000000003 276 airplane 0
314 27 330 27 330 43 314 43 airplane 0
92 292 109 292 109 312.99999999999994 92 312.99999999999994 airplane 0
132 260 145 260 145 275 132 275 airplane 0
137 250 150 250 150 263 137 263 airplane 0
146 258 160 258 160 269 146 269 airplane 0
105 320 112 320 112 329 105 329 airplane 0
96 317 104 317 104 327 96 327 airplane 0
138 297 147 297 147 310.00000000000006 138 310.00000000000006 airplane 0
146 289 160 289 160 303 146 303 airplane 0
147 301 166 301 166 310.00000000000006 147 310.00000000000006 airplane 0
148 318 164 318 164 328 148 328 airplane 0
103 240 117 240 117 252 103 252 airplane 0
258 39 270 39 270 51.00000000000001 258 51.00000000000001 airplane 0
245 37 255 37 255 49 245 49 airplane 0
210 45 227 45 227 60 210 60 airplane 0
117 219 130 219 130 232.99999999999997 117 232.99999999999997 airplane 0
96.99999999999999 229 112 229 112 242 96.99999999999999 242 airplane 0
109 223 121 223 121 234 109 234 airplane 0
127 225 139 225 139 238 127 238 airplane 0