8 232.99999999999997 44 232.99999999999997 44 278 8 278 airplane 0
0 89 34 89 34 134 0 134 airplane 0
68 153 102.00000000000001 153 102.00000000000001 203 68 203 airplane 0
109 175 142 175 142 203 109 203 airplane 0
164 230.00000000000003 199 230.00000000000003 199 278 164 278 airplane 0
232.99999999999997 197 264 197 264 231 232.99999999999997 231 airplane 0
236 314 264 314 264 341 236 341 airplane 0
269 329 301 329 301 360 269 360 airplane 0
305 348 335 348 335 382 305 382 airplane 0
367 384 399 384 399 420 367 420 airplane 0
401 403 433 403 433 437.00000000000006 401 437.00000000000006 airplane 0
310.00000000000006 279 341 279 341 312 310.00000000000006 312 airplane 0
429 346 461 346 461 377 429 377 airplane 0
322 195 356 195 356 228 322 228 airplane 0
353 212 384 212 384 245.99999999999997 353 245.99999999999997 airplane 0
384 231 415 231 415 265 384 265 airplane 0
413.99999999999994 244 445 244 445 281 413.99999999999994 281 airplane 0
506 293 536 293 536 330 506 330 airplane 0
533 310.00000000000006 566 310.00000000000006 566 346 533 346 airplane 0
592 343 599 343 599 381 592 381 airplane 0