472 448 494 448 494 465.99999999999994 472 465.99999999999994 airplane 0
470 401 495 401 495 422 470 422 airplane 0
105 310.00000000000006 125 310.00000000000006 125 334 105 334 airplane 0
197 304 225 304 225 338 197 338 airplane 0
128 308 148 308 148 331 128 331 airplane 0
157 299 183 299 183 332 157 332 airplane 0
471 301 484 301 484 315 471 315 airplane 0
468 280 481 280 481 292 468 292 airplane 0
173 537 200 537 200 569 173 569 airplane 0
133 537 169 537 169 566 133 566 airplane 0
89 537 108 537 108 563 89 563 airplane 0
456 534 475 534 475 550 456 550 airplane 0
74 534 89 534 89 549 74 549 airplane 0
54 532 69 532 69 547 54 547 airplane 0