29 211 47 211 47 236 29 236 airplane 0
17 175 38 175 38 193.99999999999997 17 193.99999999999997 airplane 0
22 153 38 153 38 170 22 170 airplane 0
266 234 281 234 281 249 266 249 airplane 0
235 200 254 200 254 219 235 219 airplane 0
183 255 201 255 201 275 183 275 airplane 0
202 259 219.99999999999997 259 219.99999999999997 278 202 278 airplane 0
238 239 254 239 254 255 238 255 airplane 0
4 155.00000000000003 19 155.00000000000003 19 167 4 167 airplane 0
355 247 369 247 369 260 355 260 airplane 0
380 249 393 249 393 260 380 260 airplane 0
566 317 582 317 582 341 566 341 airplane 0
0 172 6 172 6 190 0 190 airplane 0