214 583 236 583 236 599 214 599 airplane 0
422 374 443 374 443 395 422 395 airplane 0
244 367 263 367 263 390 244 390 airplane 0
423 260 446 260 446 285 423 285 airplane 0
395 259 419 259 419 288 395 288 airplane 0
304 262 328 262 328 290 304 290 airplane 0
280 262 302 262 302 289 280 289 airplane 0
254 261 277 261 277 286 254 286 airplane 0
224 258 247 258 247 287 224 287 airplane 0
197 258 221 258 221 286 197 286 airplane 0
170.99999999999997 258 195 258 195 283 170.99999999999997 283 airplane 0
48 283 68 283 68 305 48 305 airplane 0
102.00000000000001 294 125 294 125 314 102.00000000000001 314 airplane 0
100 317 122.99999999999999 317 122.99999999999999 341.99999999999994 100 341.99999999999994 airplane 0
100 348 121 348 121 368 100 368 airplane 0
104 238 127 238 127 262 104 262 airplane 0
107 208 129 208 129 227 107 227 airplane 0
109.99999999999999 154 131 154 131 177 109.99999999999999 177 airplane 0