151 442 179 442 179 468 151 468 airplane 0
219 439.99999999999994 240 439.99999999999994 240 460.00000000000006 219 460.00000000000006 airplane 0
74 427 104 427 104 452 74 452 airplane 0
254 419 286 419 286 448 254 448 airplane 0
63 409 78.99999999999999 409 78.99999999999999 424 63 424 airplane 0
334 399 355 399 355 415 334 415 airplane 0
275 353 291 353 291 368 275 368 airplane 0
455 354 471 354 471 364.99999999999994 455 364.99999999999994 airplane 0
328 336.00000000000006 348 336.00000000000006 348 350 328 350 airplane 0
321 309 338 309 338 323 321 323 airplane 0
592 301 599 301 599 318 592 318 airplane 0
472 289 497 289 497 314 472 314 airplane 0
571 289 591 289 591 302 571 302 airplane 0
397 261 420 261 420 287 397 287 airplane 0
459 262 471 262 471 277 459 277 airplane 0
344 261 363 261 363 276 344 276 airplane 0
378 244 390.99999999999994 244 390.99999999999994 260 378 260 airplane 0
517 237 546 237 546 261 517 261 airplane 0
580 213 598 213 598 227 580 227 airplane 0
546 182 560 182 560 196 546 196 airplane 0
26 560 40 560 40 573 26 573 airplane 0
547 154 558 154 558 168.00000000000003 547 168.00000000000003 airplane 0
560 149 572 149 572 160 560 160 airplane 0
49 548 67 548 67 562 49 562 airplane 0
90 511 104 511 104 525 90 525 airplane 0
120 506 134 506 134 522 120 522 airplane 0