400 202 441 202 441 247 400 247 airplane 0
535 244 577 244 577 283 535 283 airplane 0
401 122.99999999999999 437.00000000000006 122.99999999999999 437.00000000000006 160 401 160 airplane 0
173 64 210 64 210 100 173 100 airplane 0
348 95 385.00000000000006 95 385.00000000000006 137 348 137 airplane 0
249 189 279 189 279 224 249 224 airplane 0
154 300 184 300 184 337 154 337 airplane 0
54.99999999999999 279 85 279 85 314 54.99999999999999 314 airplane 0
310.00000000000006 324 336.00000000000006 324 336.00000000000006 355 310.00000000000006 355 airplane 0
447 341 490 341 490 382 447 382 airplane 0
337 445 356 445 356 462.99999999999994 337 462.99999999999994 airplane 0
451 113 485 113 485 150 451 150 airplane 0
364.99999999999994 387.99999999999994 394 387.99999999999994 394 431 364.99999999999994 431 airplane 0