443 129 457 129 457 143 443 143 airplane 0
433 138 447 138 447 154 433 154 airplane 0
423 146 437.00000000000006 146 437.00000000000006 162 423 162 airplane 0
413 160 425 160 425 170.99999999999997 413 170.99999999999997 airplane 0
448 208 461 208 461 222 448 222 airplane 0
429 218 446 218 446 229 429 229 airplane 0
424 230.00000000000003 439.99999999999994 230.00000000000003 439.99999999999994 241 424 241 airplane 0
420 245.99999999999997 435 245.99999999999997 435 257 420 257 airplane 0
413.99999999999994 261 428 261 428 271 413.99999999999994 271 airplane 0
456 256 470 256 470 268 456 268 airplane 0
378 156 394 156 394 170 378 170 airplane 0
368 147 386 147 386 161 368 161 airplane 0
360 138 374 138 374 152 360 152 airplane 0
349 127 366 127 366 138 349 138 airplane 0
378 120 394 120 394 133 378 133 airplane 0
368 109.99999999999999 385.00000000000006 109.99999999999999 385.00000000000006 122 368 122 airplane 0
425 109.99999999999999 442 109.99999999999999 442 122.99999999999999 425 122.99999999999999 airplane 0
413.99999999999994 120 428 120 428 133 413.99999999999994 133 airplane 0
413 84.00000000000001 427 84.00000000000001 427 100 413 100 airplane 0
424 77 437.00000000000006 77 437.00000000000006 89 424 89 airplane 0
436 67 448 67 448 81 436 81 airplane 0
446 56 458 56 458 71 446 71 airplane 0
429 49 447 49 447 63 429 63 airplane 0
418 49 432 49 432 64 418 64 airplane 0
405 51.00000000000001 419 51.00000000000001 419 65 405 65 airplane 0
390.99999999999994 49 405 49 405 65 390.99999999999994 65 airplane 0
378 47 390.99999999999994 47 390.99999999999994 58 378 58 airplane 0
358 35 376 35 376 52 358 52 airplane 0
362.00000000000006 52 376 52 376 64 362.00000000000006 64 airplane 0
351 59 366 59 366 72 351 72 airplane 0
364 67 378 67 378 80 364 80 airplane 0
371 77 389 77 389 91 371 91 airplane 0
379 86 400 86 400 103 379 103 airplane 0
430 37 443 37 443 54 430 54 airplane 0