575 446 599 446 599 474 575 474 airplane 0
537 441 597 441 597 520 537 520 airplane 0
470 333.00000000000006 495 333.00000000000006 495 358 470 358 airplane 0
477 312 503 312 503 336.00000000000006 477 336.00000000000006 airplane 0
435 315.99999999999994 453 315.99999999999994 453 333.00000000000006 435 333.00000000000006 airplane 0
348 282 364.99999999999994 282 364.99999999999994 300 348 300 airplane 0
380 289 394 289 394 304 380 304 airplane 0
372 315 387.99999999999994 315 387.99999999999994 328 372 328 airplane 0
371 332 381 332 381 344 371 344 airplane 0
367 343 378 343 378 359.00000000000006 367 359.00000000000006 airplane 0
361 357 372 357 372 372 361 372 airplane 0
355 372 370 372 370 387.99999999999994 355 387.99999999999994 airplane 0
322 390.99999999999994 337 390.99999999999994 337 406 322 406 airplane 0
299 477 317 477 317 497 299 497 airplane 0
166 479 185 479 185 502 166 502 airplane 0
140 488.99999999999994 156 488.99999999999994 156 507 140 507 airplane 0
93 487 109 487 109 503 93 503 airplane 0
163 399 178 399 178 411.00000000000006 163 411.00000000000006 airplane 0
178 396 196 396 196 412 178 412 airplane 0
193.99999999999997 390 211 390 211 403 193.99999999999997 403 airplane 0
209 387 226 387 226 404 209 404 airplane 0
225 387.99999999999994 240 387.99999999999994 240 403 225 403 airplane 0
239 387 255 387 255 399 239 399 airplane 0
245.99999999999997 412 263 412 263 431 245.99999999999997 431 airplane 0
422 185 434.00000000000006 185 434.00000000000006 195 422 195 airplane 0
430 170.99999999999997 444 170.99999999999997 444 184 430 184 airplane 0
412 150 427 150 427 164 412 164 airplane 0
406 164 416.99999999999994 164 416.99999999999994 175 406 175 airplane 0
397 172 410 172 410 185 397 185 airplane 0
390.99999999999994 184 401 184 401 196 390.99999999999994 196 airplane 0
464 163 483.00000000000006 163 483.00000000000006 179 464 179 airplane 0
412 107 426 107 426 118 412 118 airplane 0
401 150 413 150 413 164 401 164 airplane 0
392 160 406 160 406 175 392 175 airplane 0
214 141 231 141 231 157 214 157 airplane 0
204.00000000000003 127 217.00000000000003 127 217.00000000000003 144 204.00000000000003 144 airplane 0
165 164 184 164 184 183 165 183 airplane 0
151 179 169 179 169 195 151 195 airplane 0
151 193 169 193 169 208 151 208 airplane 0
138 193 155.00000000000003 193 155.00000000000003 209 138 209 airplane 0
125 206.99999999999997 143 206.99999999999997 143 223 125 223 airplane 0
111 222 129 222 129 239 111 239 airplane 0
114 449 127 449 127 468 114 468 airplane 0
165 504 189 504 189 526 165 526 airplane 0
138 508 157 508 157 523 138 523 airplane 0
78.99999999999999 502 98 502 98 520 78.99999999999999 520 airplane 0
422 21.000000000000004 438 21.000000000000004 438 39 422 39 airplane 0
400 3 413.99999999999994 3 413.99999999999994 19 400 19 airplane 0
387 13 402 13 402 29 387 29 airplane 0
378 24 390.99999999999994 24 390.99999999999994 40 378 40 airplane 0
367 35 380 35 380 50 367 50 airplane 0
357 46 371 46 371 62 357 62 airplane 0
384 71 399 71 399 86 384 86 airplane 0
372 1 383 1 383 12 372 12 airplane 0
360 1 375 1 375 4 360 4 airplane 0
360 16 374 16 374 25 360 25 airplane 0
367 5 377 5 377 18 367 18 airplane 0
350 22 364.99999999999994 22 364.99999999999994 33 350 33 airplane 0
343 10 357 10 357 23 343 23 airplane 0
352 3 367 3 367 17 352 17 airplane 0
343 30 357 30 357 43 343 43 airplane 0