135 217.00000000000003 176 217.00000000000003 176 256 135 256 airplane 0
199 216 237 216 237 255 199 255 airplane 0
14 264 48 264 48 294 14 294 airplane 0
96.99999999999999 265 129 265 129 290 96.99999999999999 290 airplane 0
62 219.99999999999997 89 219.99999999999997 89 251 62 251 airplane 0
269 215 308 215 308 254 269 254 airplane 0
332 216 368 216 368 253 332 253 airplane 0
483.00000000000006 293 518 293 518 329 483.00000000000006 329 airplane 0
573 270 599 270 599 300 573 300 airplane 0
407 379 427 379 427 409 407 409 airplane 0
421 367 447 367 447 390 421 390 airplane 0
441 382 462.99999999999994 382 462.99999999999994 407 441 407 airplane 0
450 311 473 311 473 335 450 335 airplane 0
491.99999999999994 374 518 374 518 401 491.99999999999994 401 airplane 0
385.00000000000006 575 407 575 407 600 385.00000000000006 600 airplane 0
408.00000000000006 569 430 569 430 595 408.00000000000006 595 airplane 0
369 487 390.99999999999994 487 390.99999999999994 513 369 513 airplane 0
447 481 468 481 468 505 447 505 airplane 0
494 523 523 523 523 551 494 551 airplane 0
475 493 496 493 496 514 475 514 airplane 0
437.00000000000006 565 457 565 457 590 437.00000000000006 590 airplane 0