223 116 248 116 248 135 223 135 airplane 0
386 114 413 114 413 139 386 139 airplane 0
318 119 347 119 347 146 318 146 airplane 0
386 143 411.00000000000006 143 411.00000000000006 168.00000000000003 386 168.00000000000003 airplane 0
318 146 348 146 348 175 318 175 airplane 0
390 170 413.99999999999994 170 413.99999999999994 195 390 195 airplane 0
292 173 314 173 314 195 292 195 airplane 0
319 176 347 176 347 203 319 203 airplane 0
223 185 248 185 248 206.99999999999997 223 206.99999999999997 airplane 0
222 221 252 221 252 244 222 244 airplane 0
224 254 251 254 251 277 224 277 airplane 0
291 267 315 267 315 289 291 289 airplane 0
225 290 249 290 249 310.00000000000006 225 310.00000000000006 airplane 0
223 326 252 326 252 345 223 345 airplane 0
378 348 412 348 412 387 378 387 airplane 0
225 361 250 361 250 385.00000000000006 225 385.00000000000006 airplane 0
311 449 328 449 328 465.99999999999994 311 465.99999999999994 airplane 0
307 475 329 475 329 495 307 495 airplane 0
308 502 331 502 331 524 308 524 airplane 0
219 499 260 499 260 535 219 535 airplane 0
307 530 332 530 332 557 307 557 airplane 0
222 541 261 541 261 575 222 575 airplane 0
306 563 331 563 331 580 306 580 airplane 0
227 583 260 583 260 599 227 599 airplane 0
224 82 248 82 248 100 224 100 airplane 0
288 81 312.99999999999994 81 312.99999999999994 103 288 103 airplane 0
421 81 448 81 448 105 421 105 airplane 0
384 85 412 85 412 109 384 109 airplane 0
319 90 347 90 347 113 319 113 airplane 0