550 204.00000000000003 586 204.00000000000003 586 242 550 242 airplane 0
533 367 557 367 557 395 533 395 airplane 0
541 324 562 324 562 355 541 355 airplane 0
566 318 594 318 594 345 566 345 airplane 0
462.99999999999994 324 501 324 501 364 462.99999999999994 364 airplane 0
367 331 402 331 402 379 367 379 airplane 0
344 345 364.99999999999994 345 364.99999999999994 371 344 371 airplane 0
435 464 467 464 467 505 435 505 airplane 0
410 476 430 476 430 502 410 502 airplane 0
277 478 310.00000000000006 478 310.00000000000006 524 277 524 airplane 0
90 555 118 555 118 579 90 579 airplane 0
208 347 239 347 239 392 208 392 airplane 0
181.00000000000003 357 200 357 200 383 181.00000000000003 383 airplane 0
1 369 25 369 25 422 1 422 airplane 0
40 253 77 253 77 290 40 290 airplane 0
177 245.99999999999997 201 245.99999999999997 201 271 177 271 airplane 0
205 232.99999999999997 244 232.99999999999997 244 277 205 277 airplane 0
251 231 289 231 289 270 251 270 airplane 0
295 242 323 242 323 265 295 265 airplane 0
341 236 363 236 363 263 341 263 airplane 0
362.00000000000006 224 386 224 386 252 362.00000000000006 252 airplane 0