454 191 475 191 475 212 454 212 airplane 0
277 197 296 197 296 219 277 219 airplane 0
455 300 477 300 477 326 455 326 airplane 0
427 298 450 298 450 327 427 327 airplane 0
337 296 360 296 360 324 337 324 airplane 0
312.99999999999994 297 335 297 335 323 312.99999999999994 323 airplane 0
287 299 309 299 309 324 287 324 airplane 0
257 299 280 299 280 328 257 328 airplane 0
230.00000000000003 300 253 300 253 328 230.00000000000003 328 airplane 0
204.00000000000003 302 228 302 228 328 204.00000000000003 328 airplane 0
82 281 102.00000000000001 281 102.00000000000001 302 82 302 airplane 0
135 272 159 272 159 292 135 292 airplane 0
133 243.00000000000003 157 243.00000000000003 157 269 133 269 airplane 0
134 218 155.00000000000003 218 155.00000000000003 238 134 238 airplane 0
138 323 160 323 160 347 138 347 airplane 0
141 358 162 358 162 377 141 377 airplane 0
144 408.00000000000006 165 408.00000000000006 165 430 144 430 airplane 0