319 104 352 104 352 138 319 138 airplane 0
424 119 457 119 457 157.99999999999997 424 157.99999999999997 airplane 0
523 131 545 131 545 157 523 157 airplane 0
564 122 599 122 599 159 564 159 airplane 0
66 124 85 124 85 146 66 146 airplane 0
92 129 102.00000000000001 129 102.00000000000001 142 92 142 airplane 0
109.99999999999999 129 126 129 126 144 109.99999999999999 144 airplane 0
96 206 122 206 122 240 96 240 airplane 0
121 205 149 205 149 242 121 242 airplane 0
154 206.99999999999997 178 206.99999999999997 178 241 154 241 airplane 0
183 208 206 208 206 242 183 242 airplane 0
212 202 242 202 242 238 212 238 airplane 0
19 232 49 232 49 258 19 258 airplane 0
20 262 50 262 50 286 20 286 airplane 0
128 271 146 271 146 294 128 294 airplane 0
161 273 180 273 180 295 161 295 airplane 0
186 274 204.00000000000003 274 204.00000000000003 294 186 294 airplane 0
77 67 100 67 100 92 77 92 airplane 0
8 103 28 103 28 122 8 122 airplane 0
170 99 188 99 188 118 170 118 airplane 0
0 88 17 88 17 104 0 104 airplane 0