534 385.00000000000006 559 385.00000000000006 559 408.00000000000006 534 408.00000000000006 airplane 0
494 298 515 298 515 319 494 319 airplane 0
436 279 452 279 452 297 436 297 airplane 0
413 276 431 276 431 300 413 300 airplane 0
390 282 410 282 410 306 390 306 airplane 0
371 292 389 292 389 314 371 314 airplane 0
345 276 364.99999999999994 276 364.99999999999994 293 345 293 airplane 0
331 336.00000000000006 353 336.00000000000006 353 352 331 352 airplane 0
326 371 343 371 343 384 326 384 airplane 0
269 259 289 259 289 278 269 278 airplane 0
138 205 162 205 162 225 138 225 airplane 0