71 44 120 44 120 96.99999999999999 71 96.99999999999999 airplane 0
128 47 173 47 173 96.99999999999999 128 96.99999999999999 airplane 0
154 141 183 141 183 178 154 178 airplane 0
179 229 201 229 201 253 179 253 airplane 0
96.99999999999999 289 115.00000000000001 289 115.00000000000001 312 96.99999999999999 312 airplane 0
120 288 139 288 139 315.99999999999994 120 315.99999999999994 airplane 0
47 63 64 63 64 83 47 83 airplane 0
198 32 218 32 218 51.00000000000001 198 51.00000000000001 airplane 0
427 282 465 282 465 314 427 314 airplane 0
416 311 451 311 451 341 416 341 airplane 0
109 346 126 346 126 371 109 371 airplane 0
96.99999999999999 360 117 360 117 386 96.99999999999999 386 airplane 0
437.00000000000006 0 475 0 475 30 437.00000000000006 30 airplane 0
507 82 536 82 536 109.99999999999999 507 109.99999999999999 airplane 0
563 153 593 153 593 182 563 182 airplane 0
501 149 529 149 529 186 501 186 airplane 0
432 184 462.99999999999994 184 462.99999999999994 215 432 215 airplane 0