140 462 155.00000000000003 462 155.00000000000003 476 140 476 airplane 0
150 450 165 450 165 465.99999999999994 150 465.99999999999994 airplane 0
160 442 174 442 174 458 160 458 airplane 0
172 433 184 433 184 444 172 444 airplane 0
136 382 150 382 150 396 136 396 airplane 0
151 375 168.00000000000003 375 168.00000000000003 386 151 386 airplane 0
157 362.00000000000006 173 362.00000000000006 173 374 157 374 airplane 0
162 346 177 346 177 357 162 357 airplane 0
169 333.00000000000006 183 333.00000000000006 183 343 169 343 airplane 0
127 336.00000000000006 141 336.00000000000006 141 348 127 348 airplane 0
204.00000000000003 434.00000000000006 219 434.00000000000006 219 449 204.00000000000003 449 airplane 0
212 443 229 443 229 458 212 458 airplane 0
223 452 238 452 238 467 223 467 airplane 0
231 465.99999999999994 249 465.99999999999994 249 477 231 477 airplane 0
204.00000000000003 471 219 471 219 484 204.00000000000003 484 airplane 0
213 482 229 482 229 495 213 495 airplane 0
155.00000000000003 481 172 481 172 495 155.00000000000003 495 airplane 0
169 471 183 471 183 484 169 484 airplane 0
170 505 184 505 184 520 170 520 airplane 0
160 516 173 516 173 528 160 528 airplane 0
149 523 162 523 162 538 149 538 airplane 0
139 533 152 533 152 549 139 549 airplane 0
150 542 168.00000000000003 542 168.00000000000003 556 150 556 airplane 0
165 541 179 541 179 556 165 556 airplane 0
178 540 193 540 193 554 178 554 airplane 0
192 540 206.99999999999997 540 206.99999999999997 556 192 556 airplane 0
206.99999999999997 547 219.99999999999997 547 219.99999999999997 558 206.99999999999997 558 airplane 0
221 553 240 553 240 569 221 569 airplane 0
221 541 236 541 236 553 221 553 airplane 0
231 532 247 532 247 546 231 546 airplane 0
219 524 234 524 234 538 219 538 airplane 0
209 514 226 514 226 528 209 528 airplane 0
198 502 218 502 218 518 198 518 airplane 0
155.00000000000003 551 168.00000000000003 551 168.00000000000003 568 155.00000000000003 568 airplane 0