410 286 426 286 426 308 410 308 airplane 0
390 282 405 282 405 302 390 302 airplane 0
369 274 385.00000000000006 274 385.00000000000006 297 369 297 airplane 0
349 266 367 266 367 290 349 290 airplane 0
213 324 230.00000000000003 324 230.00000000000003 345 213 345 airplane 0
321 263 336.00000000000006 263 336.00000000000006 279 321 279 airplane 0
296 229 312.99999999999994 229 312.99999999999994 245 296 245 airplane 0
266 193.99999999999997 282 193.99999999999997 282 215 266 215 airplane 0
244 184 259 184 259 203 244 203 airplane 0
223 178 237 178 237 198 223 198 airplane 0
175 346 191 346 191 367 175 367 airplane 0
160 359.00000000000006 178 359.00000000000006 178 378 160 378 airplane 0
263 173 280 173 280 189 263 189 airplane 0
227 161 245.99999999999997 161 245.99999999999997 179 227 179 airplane 0
196 215 206.99999999999997 215 206.99999999999997 229 196 229 airplane 0
249 169 264 169 264 184 249 184 airplane 0
51.00000000000001 324 68 324 68 338.99999999999994 51.00000000000001 338.99999999999994 airplane 0