371 146 398 146 398 174 371 174 airplane 0
338 144 364.99999999999994 144 364.99999999999994 168.00000000000003 338 168.00000000000003 airplane 0
308 143 331 143 331 172 308 172 airplane 0
157 300 185 300 185 330 157 330 airplane 0
103 300 130 300 130 331 103 331 airplane 0
74 299 99 299 99 330 74 330 airplane 0
408.00000000000006 199 426 199 426 221 408.00000000000006 221 airplane 0
211 198 240 198 240 232.99999999999997 211 232.99999999999997 airplane 0
503 204.00000000000003 520 204.00000000000003 520 219 503 219 airplane 0
368 351 381 351 381 369 368 369 airplane 0
250 350 260 350 260 364.99999999999994 250 364.99999999999994 airplane 0
206.99999999999997 353 219 353 219 368 206.99999999999997 368 airplane 0
242 360 253 360 253 376 242 376 airplane 0
485 435 505 435 505 458 485 458 airplane 0
390 452 412 452 412 478 390 478 airplane 0
434.00000000000006 473 445 473 445 483.00000000000006 434.00000000000006 483.00000000000006 airplane 0
433 487 445 487 445 500 433 500 airplane 0
459 561 488.99999999999994 561 488.99999999999994 595 459 595 airplane 0
430 568 452 568 452 595 430 595 airplane 0
358 564 387 564 387 596 358 596 airplane 0
421 53 435 53 435 64 421 64 airplane 0