480 115.00000000000001 504 115.00000000000001 504 134 480 134 airplane 0
478 161 504 161 504 182 478 182 airplane 0
102.00000000000001 251 122.99999999999999 251 122.99999999999999 275 102.00000000000001 275 airplane 0
197 248 226 248 226 283 197 283 airplane 0
127 254 147 254 147 278 127 278 airplane 0
156 253 183 253 183 287 156 287 airplane 0
480 271 494 271 494 285 480 285 airplane 0
477 294 490 294 490 307 477 307 airplane 0
173 10 201 10 201 43 173 43 airplane 0
131 12 169 12 169 41 131 41 airplane 0
86 15 106 15 106 42.00000000000001 86 42.00000000000001 airplane 0
464 28 484 28 484 45 464 45 airplane 0
71 30 86 30 86 45 71 45 airplane 0
50 32 65 32 65 47 50 47 airplane 0