21.000000000000004 162 32 162 32 170.99999999999997 21.000000000000004 170.99999999999997 airplane 0
44 183 54 183 54 196 44 196 airplane 0
75 101 87 101 87 113 75 113 airplane 0
92 99 103 99 103 112 92 112 airplane 0
109 96.99999999999999 121 96.99999999999999 121 112 109 112 airplane 0
127 95 139 95 139 109 127 109 airplane 0
203 78.99999999999999 221 78.99999999999999 221 101 203 101 airplane 0
321 72 331 72 331 85 321 85 airplane 0
338 70 348 70 348 84.00000000000001 338 84.00000000000001 airplane 0
187 197 206 197 206 219 187 219 airplane 0
109.99999999999999 205 127 205 127 227 109.99999999999999 227 airplane 0
10 494 22 494 22 507 10 507 airplane 0
21.000000000000004 460.00000000000006 31 460.00000000000006 31 474 21.000000000000004 474 airplane 0
88 405 105 405 105 426 88 426 airplane 0
149 214 161 214 161 226 149 226 airplane 0
227 229 237 229 237 240 227 240 airplane 0
232 214 245 214 245 226 232 226 airplane 0
323 179 333.00000000000006 179 333.00000000000006 193 323 193 airplane 0
358 174 367 174 367 188 358 188 airplane 0
404 215 416.99999999999994 215 416.99999999999994 230.00000000000003 404 230.00000000000003 airplane 0
412 202 424 202 424 213 412 213 airplane 0
406 172 418 172 418 182 406 182 airplane 0
411.00000000000006 184 424 184 424 197 411.00000000000006 197 airplane 0
432 211 455 211 455 235 432 235 airplane 0
465.99999999999994 186 479 186 479 199 465.99999999999994 199 airplane 0
377 293 404 293 404 328 377 328 airplane 0
418 325 438 325 438 346 418 346 airplane 0
400 371 416.99999999999994 371 416.99999999999994 392 400 392 airplane 0
421 371 439.99999999999994 371 439.99999999999994 392 421 392 airplane 0
389 426 409 426 409 448 389 448 airplane 0
370 432 382 432 382 448 370 448 airplane 0
346 436 364 436 364 458 346 458 airplane 0
330 447 341.99999999999994 447 341.99999999999994 459 330 459 airplane 0
306 433 328 433 328 459 306 459 airplane 0
300 428 312.99999999999994 428 312.99999999999994 438 300 438 airplane 0
256 457 268 457 268 468 256 468 airplane 0
242 425 255 425 255 436 242 436 airplane 0
260 403 270 403 270 412 260 412 airplane 0
259 390.99999999999994 271 390.99999999999994 271 404 259 404 airplane 0
458 526 483.00000000000006 526 483.00000000000006 549 458 549 airplane 0
410 565 427 565 427 578 410 578 airplane 0