0 46 2 46 2 62 0 62 airplane 0
5 119 20 119 20 137 5 137 airplane 0
30 89 43 89 43 104 30 104 airplane 0
40 193 53 193 53 206.99999999999997 40 206.99999999999997 airplane 0
54.99999999999999 202 69 202 69 218 54.99999999999999 218 airplane 0
23 182 36 182 36 200 23 200 airplane 0
163 260 180 260 180 273 163 273 airplane 0
261 262 275 262 275 275 261 275 airplane 0
88 344 101 344 101 356 88 356 airplane 0
133 354 145 354 145 371 133 371 airplane 0
192 321 206 321 206 336.00000000000006 192 336.00000000000006 airplane 0
539 337 552 337 552 350 539 350 airplane 0
501 354 514 354 514 367 501 367 airplane 0
413.99999999999994 399 434.00000000000006 399 434.00000000000006 416 413.99999999999994 416 airplane 0
424 428 437.00000000000006 428 437.00000000000006 439.99999999999994 424 439.99999999999994 airplane 0
413 436 425 436 425 448 413 448 airplane 0
381 439 395 439 395 457 381 457 airplane 0
361 441 377 441 377 460.00000000000006 361 460.00000000000006 airplane 0
324 465.99999999999994 337 465.99999999999994 337 481 324 481 airplane 0
287 478 308 478 308 500 287 500 airplane 0
271 495 292 495 292 517 271 517 airplane 0
245.99999999999997 505 267 505 267 526 245.99999999999997 526 airplane 0
235 521 258 521 258 546 235 546 airplane 0
202 529 221 529 221 547 202 547 airplane 0
180 559 191 559 191 571 180 571 airplane 0
72 413.99999999999994 84.00000000000001 413.99999999999994 84.00000000000001 428 72 428 airplane 0
70 446 81 446 81 457 70 457 airplane 0
132 452 143 452 143 464 132 464 airplane 0
129 475 142 475 142 488.99999999999994 129 488.99999999999994 airplane 0
143 491.99999999999994 155.00000000000003 491.99999999999994 155.00000000000003 506 143 506 airplane 0
155.00000000000003 481 167 481 167 496 155.00000000000003 496 airplane 0
173 512 185 512 185 524 173 524 airplane 0
135 546 146 546 146 559 135 559 airplane 0
75 571 90 571 90 588 75 588 airplane 0
91 553 107 553 107 565 91 565 airplane 0
121 385.00000000000006 136 385.00000000000006 136 400 121 400 airplane 0
241 331 254 331 254 344 241 344 airplane 0
252 324 265 324 265 338 252 338 airplane 0
378 237 387.99999999999994 237 387.99999999999994 255 378 255 airplane 0
306 298 315 298 315 308 306 308 airplane 0
333.00000000000006 284 340 284 340 297 333.00000000000006 297 airplane 0
350 278 359.00000000000006 278 359.00000000000006 291 350 291 airplane 0
373 278 381 278 381 288 373 288 airplane 0
390.99999999999994 260 402 260 402 272 390.99999999999994 272 airplane 0
135 394 150 394 150 405 135 405 airplane 0
458 238 465.99999999999994 238 465.99999999999994 245.99999999999997 458 245.99999999999997 airplane 0
490 223 498 223 498 230.00000000000003 490 230.00000000000003 airplane 0
419 243.00000000000003 428 243.00000000000003 428 255 419 255 airplane 0
460.00000000000006 260 465.99999999999994 260 465.99999999999994 267 460.00000000000006 267 airplane 0
467 256 475 256 475 264 467 264 airplane 0
475 253 484 253 484 260 475 260 airplane 0
482 247 491.99999999999994 247 491.99999999999994 254 482 254 airplane 0
508 238 518 238 518 245 508 245 airplane 0
533 226 542 226 542 235 533 235 airplane 0
550 214 557 214 557 224 550 224 airplane 0
556 210 565 210 565 218 556 218 airplane 0
340 281 353 281 353 295 340 295 airplane 0
438 227 448 227 448 236 438 236 airplane 0
449 225 457 225 457 235 449 235 airplane 0
457 221 465 221 465 227 457 227 airplane 0
475 211 483.00000000000006 211 483.00000000000006 219 475 219 airplane 0
486.00000000000006 206.99999999999997 490 206.99999999999997 490 213 486.00000000000006 213 airplane 0
518 234 525 234 525 240 518 240 airplane 0