208 454 232 454 232 476 208 476 airplane 0
335 476 357 476 357 501 335 501 airplane 0
353 449 375 449 375 473 353 473 airplane 0
206.99999999999997 356 239 356 239 400 206.99999999999997 400 airplane 0
248 340 281 340 281 387 248 387 airplane 0
75 372 99 372 99 404 75 404 airplane 0
101 352 125 352 125 376 101 376 airplane 0
103 327 138 327 138 350 103 350 airplane 0
39 366 67 366 67 390 39 390 airplane 0
27 340 54.99999999999999 340 54.99999999999999 366 27 366 airplane 0
0 322 12 322 12 349 0 349 airplane 0
90 95 142 95 142 133 90 133 airplane 0
89 137 141 137 141 174 89 174 airplane 0
80 50 133 50 133 92 80 92 airplane 0
96.99999999999999 263 134 263 134 293 96.99999999999999 293 airplane 0
214 43 272 43 272 107 214 107 airplane 0
182 199 236 199 236 240 182 240 airplane 0
287 216 325 216 325 254 287 254 airplane 0
372 157.99999999999997 408.00000000000006 157.99999999999997 408.00000000000006 200 372 200 airplane 0
401 80 462.99999999999994 80 462.99999999999994 152 401 152 airplane 0
468 112 510 112 510 157.99999999999997 468 157.99999999999997 airplane 0