26 143 40 143 40 157.99999999999997 26 157.99999999999997 airplane 0
299 122.99999999999999 338.99999999999994 122.99999999999999 338.99999999999994 165 299 165 airplane 0
374 49 402 49 402 81 374 81 airplane 0
429 42.00000000000001 455 42.00000000000001 455 69 429 69 airplane 0
555 124 593 124 593 168.00000000000003 555 168.00000000000003 airplane 0
533 130 558 130 558 156 533 156 airplane 0
265 125 298 125 298 164 265 164 airplane 0
225 71 254 71 254 108 225 108 airplane 0
272 75 300 75 300 107 272 107 airplane 0
87 103 111 103 111 131 87 131 airplane 0
165 129 191 129 191 155.00000000000003 165 155.00000000000003 airplane 0
26 103 41 103 41 120 26 120 airplane 0
44 105 58 105 58 120 44 120 airplane 0
56 105 73 105 73 120 56 120 airplane 0
375 571 413.99999999999994 571 413.99999999999994 599 375 599 airplane 0
165 566 202 566 202 596 165 596 airplane 0