265 315.99999999999994 283 315.99999999999994 283 336.00000000000006 265 336.00000000000006 airplane 0
0 407 6 407 6 434.00000000000006 0 434.00000000000006 airplane 0
315.99999999999994 269 326 269 326 282 315.99999999999994 282 airplane 0
350 259 361 259 361 270 350 270 airplane 0
367 258 375 258 375 264 367 264 airplane 0
384 249 393 249 393 261 384 261 airplane 0
402 244 410 244 410 252 402 252 airplane 0
555 214 570 214 570 235 555 235 airplane 0
547 188 568 188 568 205 547 205 airplane 0
580 202 595 202 595 219.99999999999997 580 219.99999999999997 airplane 0
587 174 599 174 599 192 587 192 airplane 0
143 573 162 573 162 589 143 589 airplane 0
338.99999999999994 221 347 221 347 231 338.99999999999994 231 airplane 0
355 212 364 212 364 219.99999999999997 355 219.99999999999997 airplane 0
370 204.00000000000003 381 204.00000000000003 381 216 370 216 airplane 0
264 193 272 193 272 201 264 201 airplane 0
251 190 258 190 258 201 251 201 airplane 0
260 185 269 185 269 193.99999999999997 260 193.99999999999997 airplane 0
296 163 305 163 305 174 296 174 airplane 0
303 157.99999999999997 312 157.99999999999997 312 164 303 164 airplane 0
291 157 300 157 300 166 291 166 airplane 0
299 149 307 149 307 157 299 157 airplane 0