124 169 149 169 149 196 124 196 airplane 0
39 238 54 238 54 254 39 254 airplane 0
406 309 418 309 418 324 406 324 airplane 0
126 255 141 255 141 269 126 269 airplane 0
132 269 145 269 145 284 132 284 airplane 0
99 266 109 266 109 277 99 277 airplane 0
104 277 118 277 118 294 104 294 airplane 0
53 263 68 263 68 278 53 278 airplane 0
38 268 50 268 50 282 38 282 airplane 0
387.99999999999994 429 402 429 402 441 387.99999999999994 441 airplane 0
377 411.00000000000006 390 411.00000000000006 390 421 377 421 airplane 0
376 423 387.99999999999994 423 387.99999999999994 433 376 433 airplane 0
367 413.99999999999994 379 413.99999999999994 379 425 367 425 airplane 0
358 402 371 402 371 415 358 415 airplane 0