3 252 28 252 28 268 3 268 airplane 0
0 240 14 240 14 254 0 254 airplane 0
0 224 17 224 17 241 0 241 airplane 0
42.00000000000001 243.00000000000003 60 243.00000000000003 60 260 42.00000000000001 260 airplane 0
0 188 9 188 9 213 0 213 airplane 0
8 189 24 189 24 212 8 212 airplane 0
25 195 39 195 39 218 25 218 airplane 0
40 193.99999999999997 57 193.99999999999997 57 215 40 215 airplane 0
54 187 72 187 72 209 54 209 airplane 0
72 184 90 184 90 206.99999999999997 72 206.99999999999997 airplane 0
95 136 126 136 126 152 95 152 airplane 0
94 111 118 111 118 133 94 133 airplane 0
137 139 145 139 145 151 137 151 airplane 0
153 136 164 136 164 149 153 149 airplane 0
122 124 134 124 134 132 122 132 airplane 0
132 121 143 121 143 130 132 130 airplane 0
144 118 159 118 159 128 144 128 airplane 0
143 228 169 228 169 249 143 249 airplane 0
176 227 195 227 195 251 176 251 airplane 0
196 178 210 178 210 193 196 193 airplane 0
224 225 259 225 259 258 224 258 airplane 0
294 214 321 214 321 238 294 238 airplane 0
321 147 347 147 347 180 321 180 airplane 0
368 215 386 215 386 232.99999999999997 368 232.99999999999997 airplane 0
400 210 420 210 420 232.99999999999997 400 232.99999999999997 airplane 0
393 250 407 250 407 267 393 267 airplane 0
406 248 429 248 429 268 406 268 airplane 0
422 231 453 231 453 255 422 255 airplane 0
419 146 435 146 435 167 419 167 airplane 0
438 143 455 143 455 165 438 165 airplane 0
477 137 494 137 494 159 477 159 airplane 0
514 133 533 133 533 155.00000000000003 514 155.00000000000003 airplane 0
474 76 512 76 512 116 474 116 airplane 0