289 462 331 462 331 499 289 499 airplane 0
153 328 175 328 175 356 153 356 airplane 0
87 298 108 298 108 315.99999999999994 87 315.99999999999994 airplane 0
56 273 78 273 78 302 56 302 airplane 0
334 222 355 222 355 241 334 241 airplane 0
46 216 69 216 69 241 46 241 airplane 0
382 189 402 189 402 206 382 206 airplane 0
587 172 599 172 599 213 587 213 airplane 0
285 113 314 113 314 146 285 146 airplane 0
554 69 572 69 572 89 554 89 airplane 0
359.00000000000006 11 376 11 376 31 359.00000000000006 31 airplane 0
475 9 493 9 493 28 475 28 airplane 0
413.99999999999994 7 431 7 431 28 413.99999999999994 28 airplane 0
445 2 459 2 459 20 445 20 airplane 0