240 82 253 82 253 96 240 96 airplane 0
428 96.99999999999999 439 96.99999999999999 439 112 428 112 airplane 0
259 153 269 153 269 165 259 165 airplane 0
271 196 291 196 291 215 271 215 airplane 0
267 218 286 218 286 238 267 238 airplane 0
244 264 258 264 258 277 244 277 airplane 0
206 294 222 294 222 314 206 314 airplane 0
225 329 238 329 238 345 225 345 airplane 0
209 343 226 343 226 363 209 363 airplane 0
315.99999999999994 390 332 390 332 407 315.99999999999994 407 airplane 0
112 11 127 11 127 30 112 30 airplane 0
137 506 153 506 153 525 137 525 airplane 0
363 25 373 25 373 39 363 39 airplane 0
332 23 351 23 351 44 332 44 airplane 0