336.00000000000006 298 353 298 353 317 336.00000000000006 317 airplane 0
293 251 302 251 302 264 293 264 airplane 0
258 241 269 241 269 252 258 252 airplane 0
243.00000000000003 240 252 240 252 245.99999999999997 243.00000000000003 245.99999999999997 airplane 0
226 231 234 231 234 243.00000000000003 226 243.00000000000003 airplane 0
209 226 217.00000000000003 226 217.00000000000003 234 209 234 airplane 0
50 196 65 196 65 217.00000000000003 50 217.00000000000003 airplane 0
52 170 72 170 72 187 52 187 airplane 0
25 184 40 184 40 202 25 202 airplane 0
8 172 23 172 23 196 8 196 airplane 0
13 157 32 157 32 174 13 174 airplane 0
456 554 474 554 474 570 456 570 airplane 0
271 203 280 203 280 213 271 213 airplane 0
255 193.99999999999997 263 193.99999999999997 263 202 255 202 airplane 0
238 186 249 186 249 198 238 198 airplane 0
346 175 354 175 354 183 346 183 airplane 0
360 172 367 172 367 183 360 183 airplane 0
350 167 358 167 358 176 350 176 airplane 0
312.99999999999994 145 322 145 322 156 312.99999999999994 156 airplane 0
307 140 315 140 315 146 307 146 airplane 0
318 139 327 139 327 148 318 148 airplane 0
311 131 319 131 319 140 311 140 airplane 0