419 274 450 274 450 315 419 315 airplane 0
310.00000000000006 257 346 257 346 293 310.00000000000006 293 airplane 0
552 248 576 248 576 270 552 270 airplane 0
396 239 426 239 426 273 396 273 airplane 0
556 203 584 203 584 240 556 240 airplane 0
106 147 148 147 148 181.00000000000003 106 181.00000000000003 airplane 0
364 141 393 141 393 169 364 169 airplane 0
393 119 420 119 420 144 393 144 airplane 0
260 111 291 111 291 141 260 141 airplane 0
521 93 541 93 541 117 521 117 airplane 0
560 89 583 89 583 108 560 108 airplane 0
261 77 286 77 286 103 261 103 airplane 0
389 71 411.00000000000006 71 411.00000000000006 99 389 99 airplane 0
585 64 599 64 599 88 585 88 airplane 0
354 48 384 48 384 83 354 83 airplane 0
325 35 351 35 351 67 325 67 airplane 0
198 23 214 23 214 41 198 41 airplane 0
269 1 290 1 290 7 269 7 airplane 0