304 363 332 363 332 384 304 384 airplane 0
450 276 471 276 471 298 450 298 airplane 0
312 222 334 222 334 242 312 242 airplane 0
198 188 232.99999999999997 188 232.99999999999997 226 198 226 airplane 0
329 4 348 4 348 23 329 23 airplane 0
86 252 113 252 113 280 86 280 airplane 0
29 332 49 332 49 356 29 356 airplane 0
84.00000000000001 394 102.00000000000001 394 102.00000000000001 412 84.00000000000001 412 airplane 0
140 306 157.99999999999997 306 157.99999999999997 326 140 326 airplane 0
117 276 135 276 135 300 117 300 airplane 0
153 271 175 271 175 290 153 290 airplane 0
232.99999999999997 228 257 228 257 258 232.99999999999997 258 airplane 0
348 322 371 322 371 344 348 344 airplane 0
134 81 151 81 151 93 134 93 airplane 0
46 362.00000000000006 64 362.00000000000006 64 377 46 377 airplane 0
162 329 178 329 178 350 162 350 airplane 0
279 267 297 267 297 286 279 286 airplane 0
309 83 330 83 330 102.00000000000001 309 102.00000000000001 airplane 0
260 101 279 101 279 120 260 120 airplane 0
248 119 267 119 267 139 248 139 airplane 0
281 289 300 289 300 304 281 304 airplane 0
373 317 395 317 395 337 373 337 airplane 0
334 305 352 305 352 323 334 323 airplane 0
310.00000000000006 301 330 301 330 321 310.00000000000006 321 airplane 0
409 283 427 283 427 301 409 301 airplane 0
196 165 214 165 214 184 196 184 airplane 0
288 61 309 61 309 80 288 80 airplane 0