589 149 599 149 599 173 589 173 airplane 0
487 144 506 144 506 160 487 160 airplane 0
444 108 460.00000000000006 108 460.00000000000006 129 444 129 airplane 0
438 146 454 146 454 164 438 164 airplane 0
2 167 20 167 20 192 2 192 airplane 0
373 98 397 98 397 117 373 117 airplane 0
367 119 395 119 395 138 367 138 airplane 0
364 141 385.00000000000006 141 385.00000000000006 157 364 157 airplane 0
352 150 368 150 368 165 352 165 airplane 0
336.00000000000006 75 354 75 354 96 336.00000000000006 96 airplane 0
289 74 310.00000000000006 74 310.00000000000006 96 289 96 airplane 0
219 62 239 62 239 84.00000000000001 219 84.00000000000001 airplane 0
204.00000000000003 72 216 72 216 88 204.00000000000003 88 airplane 0
187 109.99999999999999 209 109.99999999999999 209 130 187 130 airplane 0
200 128 223 128 223 150 200 150 airplane 0
235 162 268 162 268 185 235 185 airplane 0
236 193.99999999999997 262 193.99999999999997 262 216 236 216 airplane 0
208 238 256 238 256 279 208 279 airplane 0
212 279 252 279 252 309 212 309 airplane 0
166 256 203 256 203 297 166 297 airplane 0
446 434.00000000000006 468 434.00000000000006 468 467 446 467 airplane 0
337 387.99999999999994 359.00000000000006 387.99999999999994 359.00000000000006 405 337 405 airplane 0
393 380 410 380 410 390.99999999999994 393 390.99999999999994 airplane 0
317 422 349 422 349 452 317 452 airplane 0
272 425 297 425 297 455 272 455 airplane 0
302 430 320 430 320 455 302 455 airplane 0
203 336.00000000000006 226 336.00000000000006 226 366 203 366 airplane 0
206 410 240 410 240 447 206 447 airplane 0
184 413 205 413 205 445 184 445 airplane 0
193 533 216 533 216 552 193 552 airplane 0