336.00000000000006 520 376 520 376 569 336.00000000000006 569 airplane 0
377 491 419 491 419 541 377 541 airplane 0
425 455 484 455 484 513 425 513 airplane 0
148 320 181.00000000000003 320 181.00000000000003 357 148 357 airplane 0
173 274 208 274 208 308 173 308 airplane 0
54 173 111 173 111 223 54 223 airplane 0
113 132 161 132 161 178 113 178 airplane 0
219.99999999999997 232.99999999999997 276 232.99999999999997 276 296 219.99999999999997 296 airplane 0
277 189 330 189 330 245.99999999999997 277 245.99999999999997 airplane 0
332 143 382 143 382 203 332 203 airplane 0
390.99999999999994 10 428 10 428 46 390.99999999999994 46 airplane 0
303 334 363 334 363 395 303 395 airplane 0
410 340 472 340 472 402 410 402 airplane 0
0 574 27 574 27 599 0 599 airplane 0