538 253 572 253 572 288 538 288 airplane 0
533 211 568 211 568 247 533 247 airplane 0
439 198 473 198 473 234 439 234 airplane 0
403 202 438 202 438 236 403 236 airplane 0
457 266 480 266 480 293 457 293 airplane 0
434.00000000000006 267 452 267 452 296 434.00000000000006 296 airplane 0
304 214 334 214 334 247 304 247 airplane 0
278 218 302 218 302 248 278 248 airplane 0
157 227 177 227 177 248 157 248 airplane 0
136 232.99999999999997 154 232.99999999999997 154 250 136 250 airplane 0
90 241 109.99999999999999 241 109.99999999999999 258 90 258 airplane 0
69 245 88 245 88 260 69 260 airplane 0
49 248 66 248 66 263 49 263 airplane 0
18 257 33 257 33 269 18 269 airplane 0
1 259 14 259 14 271 1 271 airplane 0