54.99999999999999 241 88 241 88 275 54.99999999999999 275 airplane 0
60 200 94 200 94 235 60 235 airplane 0
152 187 185 187 185 222 152 222 airplane 0
186 191 219.99999999999997 191 219.99999999999997 224 186 224 airplane 0
145 252 168.00000000000003 252 168.00000000000003 279 145 279 airplane 0
172 254 190 254 190 282 172 282 airplane 0
287 203 315.99999999999994 203 315.99999999999994 235 287 235 airplane 0
318 206.99999999999997 341 206.99999999999997 341 235 318 235 airplane 0
439.99999999999994 216 460.00000000000006 216 460.00000000000006 236 439.99999999999994 236 airplane 0
462 221 480 221 480 238 462 238 airplane 0
506 229 525 229 525 245 506 245 airplane 0
527 232 546 232 546 247 527 247 airplane 0
548 236 565 236 565 251 548 251 airplane 0
581 244 596 244 596 255 581 255 airplane 0