0 0 35 0 35 35 0 35 airplane 0
0 50 33 50 33 92 0 92 airplane 0
0 96.99999999999999 35 96.99999999999999 35 138 0 138 airplane 0
0 145 31 145 31 185 0 185 airplane 0
0 188 40 188 40 227 0 227 airplane 0
105 11 147 11 147 37 105 37 airplane 0
101 59 143 59 143 89 101 89 airplane 0
193.99999999999997 187 237 187 237 222 193.99999999999997 222 airplane 0
193.99999999999997 144 245 144 245 178 193.99999999999997 178 airplane 0
199 101 245.99999999999997 101 245.99999999999997 131 199 131 airplane 0
192 51.00000000000001 245 51.00000000000001 245 87 192 87 airplane 0
308 59 357 59 357 92 308 92 airplane 0
303 128 363 128 363 167 303 167 airplane 0
323 199 352 199 352 238 323 238 airplane 0
357 193.99999999999997 398 193.99999999999997 398 240 357 240 airplane 0
368 255 416.99999999999994 255 416.99999999999994 298 368 298 airplane 0
545 325 578 325 578 349 545 349 airplane 0
582 166 599 166 599 210 582 210 airplane 0
576 78 599 78 599 115.00000000000001 576 115.00000000000001 airplane 0
552 1 599 1 599 41 552 41 airplane 0
399 52 446 52 446 91 399 91 airplane 0
401 100 439 100 439 133 401 133 airplane 0
402 141 446 141 446 182 402 182 airplane 0
400 196 439 196 439 240 400 240 airplane 0