460.00000000000006 314 500 314 500 340 460.00000000000006 340 airplane 0
502 389 531 389 531 415 502 415 airplane 0
486.00000000000006 490 512 490 512 524 486.00000000000006 524 airplane 0
453 491 469 491 469 516 453 516 airplane 0
413 418 443 418 443 443 413 443 airplane 0
407 377 429 377 429 398 407 398 airplane 0
318 442 345 442 345 469 318 469 airplane 0
148 272 173 272 173 297 148 297 airplane 0
104 334 127 334 127 354 104 354 airplane 0
13 369 36 369 36 392 13 392 airplane 0
18 325 37 325 37 347 18 347 airplane 0