389 491 406 491 406 511 389 511 airplane 0
423 487 448 487 448 516 423 516 airplane 0
438 127 469 127 469 159 438 159 airplane 0
326 179 355 179 355 205 326 205 airplane 0
291 68 314 68 314 92 291 92 airplane 0
268 300 291 300 291 325 268 325 airplane 0
249 322 278 322 278 351 249 351 airplane 0
236 356 264 356 264 383 236 383 airplane 0
210 407 234 407 234 428 210 428 airplane 0
119 425 146 425 146 453 119 453 airplane 0
145 525 160 525 160 537 145 537 airplane 0
135 534 147 534 147 546 135 546 airplane 0
135 396 160 396 160 424 135 424 airplane 0
161 347 186 347 186 372 161 372 airplane 0
170 322 196 322 196 349 170 349 airplane 0
200 266 227 266 227 297 200 297 airplane 0
213 244 239 244 239 272 213 272 airplane 0
232 214 257 214 257 239 232 239 airplane 0
244 191 269 191 269 214 244 214 airplane 0
256 162 281 162 281 188 256 188 airplane 0
273 133 299 133 299 159 273 159 airplane 0
249 109.99999999999999 268 109.99999999999999 268 135 249 135 airplane 0
219 94 242 94 242 122.99999999999999 219 122.99999999999999 airplane 0