541 360 568 360 568 393 541 393 airplane 0
488.99999999999994 373 517 373 517 410 488.99999999999994 410 airplane 0
280 385.00000000000006 310.00000000000006 385.00000000000006 310.00000000000006 418 280 418 airplane 0
240 375 270 375 270 408.00000000000006 240 408.00000000000006 airplane 0
143 337 170 337 170 371 143 371 airplane 0
98 315 124 315 124 346 98 346 airplane 0
17 252 45 252 45 277 17 277 airplane 0
1 219 22 219 22 245 1 245 airplane 0
500 507 525 507 525 539 500 539 airplane 0
433 502 462 502 462 536 433 536 airplane 0
399 503 427 503 427 535 399 535 airplane 0
292 500 323 500 323 532 292 532 airplane 0
51.00000000000001 494 77 494 77 529 51.00000000000001 529 airplane 0