29 1 45 1 45 11 29 11 airplane 0
148 9 162 9 162 23 148 23 airplane 0
176 1 189 1 189 13 176 13 airplane 0
227 17 239 17 239 30 227 30 airplane 0
254 16 266 16 266 30 254 30 airplane 0
418 25 437.00000000000006 25 437.00000000000006 46 418 46 airplane 0
447 24 468 24 468 51.00000000000001 447 51.00000000000001 airplane 0
480 26 500 26 500 48 480 48 airplane 0
524 39 537 39 537 54 524 54 airplane 0
543 40 557 40 557 56 543 56 airplane 0
569 428 587 428 587 447 569 447 airplane 0
576 465 588 465 588 481 576 481 airplane 0
559 462.99999999999994 574 462.99999999999994 574 480 559 480 airplane 0
543 464 556 464 556 479 543 479 airplane 0
537 491.99999999999994 551 491.99999999999994 551 505 537 505 airplane 0
444 413.99999999999994 467 413.99999999999994 467 442 444 442 airplane 0
412 415 434.00000000000006 415 434.00000000000006 438 412 438 airplane 0
382 416 399 416 399 434.00000000000006 382 434.00000000000006 airplane 0
445 479 471 479 471 511 445 511 airplane 0
390.99999999999994 477 413.99999999999994 477 413.99999999999994 502 390.99999999999994 502 airplane 0
363 475 384 475 384 501 363 501 airplane 0
219.99999999999997 450 230.00000000000003 450 230.00000000000003 460.00000000000006 219.99999999999997 460.00000000000006 airplane 0
240 447 252 447 252 460.00000000000006 240 460.00000000000006 airplane 0
237 482 250 482 250 497 237 497 airplane 0
286 494 293 494 293 503 286 503 airplane 0
215 514 228 514 228 530 215 530 airplane 0
178 515 191 515 191 528 178 528 airplane 0
118 419 141 419 141 444 118 444 airplane 0
94 420 115.00000000000001 420 115.00000000000001 442 94 442 airplane 0
61 462.99999999999994 81 462.99999999999994 81 484 61 484 airplane 0
25 475 48 475 48 500 25 500 airplane 0
0 471 23 471 23 496 0 496 airplane 0
74 238 103 238 103 264 74 264 airplane 0