145 303 174 303 174 341 145 341 airplane 0
241 288 274 288 274 321 241 321 airplane 0
30 280 52 280 52 300 30 300 airplane 0
168.00000000000003 272 195 272 195 303 168.00000000000003 303 airplane 0
23 239 49 239 49 273 23 273 airplane 0
422 187 461 187 461 219 422 219 airplane 0
198 182 225 182 225 206.99999999999997 198 206.99999999999997 airplane 0
173 162 197 162 197 185 173 185 airplane 0
291 155.00000000000003 319 155.00000000000003 319 182 291 182 airplane 0
62 138 80 138 80 160 62 160 airplane 0
23 134 45 134 45 152 23 152 airplane 0
296 122.99999999999999 318 122.99999999999999 318 148 296 148 airplane 0
181.00000000000003 118 201 118 201 143 181.00000000000003 143 airplane 0
7 113 21.000000000000004 113 21.000000000000004 133 7 133 airplane 0
206 96.99999999999999 234 96.99999999999999 234 129 206 129 airplane 0
236 84.00000000000001 260 84.00000000000001 260 114 236 114 airplane 0
361 74 376 74 376 91 361 91 airplane 0
293 42.00000000000001 311 42.00000000000001 311 59 293 59 airplane 0
331 37 349 37 349 54 331 54 airplane 0