67 449 118 449 118 490 67 490 airplane 0
75 408.00000000000006 122 408.00000000000006 122 449 75 449 airplane 0
78 369 125 369 125 408.00000000000006 78 408.00000000000006 airplane 0
80 298 119 298 119 336.00000000000006 80 336.00000000000006 airplane 0
368 335 401 335 401 369 368 369 airplane 0
157.99999999999997 449 198 449 198 488.99999999999994 157.99999999999997 488.99999999999994 airplane 0
230.00000000000003 410 263 410 263 439.99999999999994 230.00000000000003 439.99999999999994 airplane 0
172 373 195 373 195 392 172 392 airplane 0
232 376 266 376 266 405 232 405 airplane 0
267 347 302 347 302 384 267 384 airplane 0
178 308 206 308 206 338 178 338 airplane 0
215 312.99999999999994 245 312.99999999999994 245 349 215 349 airplane 0
295 416 325 416 325 439.99999999999994 295 439.99999999999994 airplane 0
548 491.99999999999994 567 491.99999999999994 567 509.00000000000006 548 509.00000000000006 airplane 0
476 504 506 504 506 522 476 522 airplane 0
420 491 444 491 444 514 420 514 airplane 0
230.00000000000003 286 258 286 258 307 230.00000000000003 307 airplane 0
554 390 585 390 585 416.99999999999994 554 416.99999999999994 airplane 0
248 352 267 352 267 373 248 373 airplane 0
355 455 380 455 380 478 355 478 airplane 0
362.00000000000006 421 392 421 392 446 362.00000000000006 446 airplane 0
299 396 322 396 322 412 299 412 airplane 0
251 318 276 318 276 346 251 346 airplane 0
293 481 311 481 311 495 293 495 airplane 0
358 488 377 488 377 502 358 502 airplane 0