157.99999999999997 331 206.99999999999997 331 206.99999999999997 383 157.99999999999997 383 airplane 0
2 288 47 288 47 336.00000000000006 2 336.00000000000006 airplane 0
163 434.00000000000006 206 434.00000000000006 206 478 163 478 airplane 0
432 505 476 505 476 548 432 548 airplane 0
225 461 269 461 269 511 225 511 airplane 0
350 358 386 358 386 400 350 400 airplane 0
462 224 498 224 498 268 462 268 airplane 0
578 251 599 251 599 296 578 296 airplane 0
282 204.00000000000003 312.99999999999994 204.00000000000003 312.99999999999994 241 282 241 airplane 0
100 170.99999999999997 151 170.99999999999997 151 219 100 219 airplane 0
260 75 282 75 282 96 260 96 airplane 0
106 446 146 446 146 490 106 490 airplane 0
214 113 249 113 249 163 214 163 airplane 0