250 137 264 137 264 156 250 156 airplane 0
266 142 282 142 282 156 266 156 airplane 0
297 323 310.00000000000006 323 310.00000000000006 338 297 338 airplane 0
311 332 325 332 325 351 311 351 airplane 0
186 88 203 88 203 106 186 106 airplane 0
211 96.99999999999999 226 96.99999999999999 226 112 211 112 airplane 0
237 92 254 92 254 113 237 113 airplane 0
175 50 190 50 190 66 175 66 airplane 0
200 46 216 46 216 66 200 66 airplane 0
226 47 243.00000000000003 47 243.00000000000003 66 226 66 airplane 0
269 45 288 45 288 70 269 70 airplane 0
262 93 275 93 275 116 262 116 airplane 0
283 95 305 95 305 115.00000000000001 283 115.00000000000001 airplane 0
324 52 344 52 344 71 324 71 airplane 0
335 96 354 96 354 119 335 119 airplane 0
309 94 328 94 328 115.00000000000001 309 115.00000000000001 airplane 0
334 0 352 0 352 9 334 9 airplane 0
324 0 337 0 337 12 324 12 airplane 0