252 187 278 187 278 219 252 219 airplane 0
170.99999999999997 250 195 250 195 278 170.99999999999997 278 airplane 0
479 359.00000000000006 511 359.00000000000006 511 390 479 390 airplane 0
548 264 584 264 584 292 548 292 airplane 0
248 461 280 461 280 490 248 490 airplane 0
102.00000000000001 300 126 300 126 327 102.00000000000001 327 airplane 0
78.99999999999999 321 99 321 99 346 78.99999999999999 346 airplane 0
54.99999999999999 338 78.99999999999999 338 78.99999999999999 367 54.99999999999999 367 airplane 0
28 354 53 354 53 383 28 383 airplane 0
5 372 31 372 31 405 5 405 airplane 0
1 387 7 387 7 420 1 420 airplane 0