520 189 532 189 532 206 520 206 airplane 0
498 184 514 184 514 202 498 202 airplane 0
456 178 478 178 478 202 456 202 airplane 0
421 177 436 177 436 193.99999999999997 421 193.99999999999997 airplane 0
438 90 453 90 453 108 438 108 airplane 0
421 88 437.00000000000006 88 437.00000000000006 107 421 107 airplane 0
421 60 445 60 445 78.99999999999999 421 78.99999999999999 airplane 0
284 43 302 43 302 66 284 66 airplane 0
245.99999999999997 45 263 45 263 65 245.99999999999997 65 airplane 0
213 72 232 72 232 91 213 91 airplane 0
235 187 257 187 257 214 235 214 airplane 0
188 102.00000000000001 205 102.00000000000001 205 124 188 124 airplane 0
155.00000000000003 66 170.99999999999997 66 170.99999999999997 86 155.00000000000003 86 airplane 0
147 99 181.00000000000003 99 181.00000000000003 130 147 130 airplane 0
111 95 143 95 143 126 111 126 airplane 0
74 105 100 105 100 137 74 137 airplane 0
38 105 65 105 65 137 38 137 airplane 0
147 182 166 182 166 202 147 202 airplane 0
75 176 96.99999999999999 176 96.99999999999999 206.99999999999997 75 206.99999999999997 airplane 0
47 178 69 178 69 200 47 200 airplane 0
1 175 16 175 16 200 1 200 airplane 0