48 357 73 357 73 380 48 380 airplane 0
92 270 113 270 113 291 92 291 airplane 0
155.00000000000003 251 170.99999999999997 251 170.99999999999997 269 155.00000000000003 269 airplane 0
176 248 193.99999999999997 248 193.99999999999997 272 176 272 airplane 0
198 255 218 255 218 278 198 278 airplane 0
217.00000000000003 264 236 264 236 286 217.00000000000003 286 airplane 0
242 248 262 248 262 265 242 265 airplane 0
255 308 277 308 277 325 255 325 airplane 0
264 343 281 343 281 356 264 356 airplane 0
319 231 338.99999999999994 231 338.99999999999994 250 319 250 airplane 0
445 177 469 177 469 197 445 197 airplane 0