338.99999999999994 78.99999999999999 358 78.99999999999999 358 95 338.99999999999994 95 airplane 0
335 99 363 99 363 117 335 117 airplane 0
334 122 357 122 357 141 334 141 airplane 0
551 132 566 132 566 151 551 151 airplane 0
585 288 599 288 599 307 585 307 airplane 0
583 562 599 562 599 579 583 579 airplane 0
315.99999999999994 451 343 451 343 473 315.99999999999994 473 airplane 0
311 298 334 298 334 315.99999999999994 311 315.99999999999994 airplane 0
317 253 343 253 343 276 317 276 airplane 0
145 61 172 61 172 82 145 82 airplane 0
143 109.99999999999999 164 109.99999999999999 164 126 143 126 airplane 0
138 126 164 126 164 146 138 146 airplane 0
133 162 162 162 162 184 133 184 airplane 0
130 203 156 203 156 224 130 224 airplane 0
125 225 151 225 151 250 125 250 airplane 0
127 253 147 253 147 269 127 269 airplane 0
133 376 153 376 153 397 133 397 airplane 0
174 461 200 461 200 483.00000000000006 174 483.00000000000006 airplane 0