285 84.00000000000001 302 84.00000000000001 302 100 285 100 airplane 0
268 120 298 120 298 149 268 149 airplane 0
265 162 297 162 297 192 265 192 airplane 0
310.00000000000006 210 341.99999999999994 210 341.99999999999994 243.00000000000003 310.00000000000006 243.00000000000003 airplane 0
418 120 450 120 450 150 418 150 airplane 0
418 157 450 157 450 189 418 189 airplane 0
351 157.99999999999997 381 157.99999999999997 381 186 351 186 airplane 0
350 201 382 201 382 231 350 231 airplane 0
418 200 451 200 451 229 418 229 airplane 0
561 204.00000000000003 595 204.00000000000003 595 242 561 242 airplane 0
561 165 593 165 593 205 561 205 airplane 0
497 177 531 177 531 206.99999999999997 497 206.99999999999997 airplane 0
500 209 532 209 532 236 500 236 airplane 0
505 333.00000000000006 534 333.00000000000006 534 364 505 364 airplane 0
566 346 596 346 596 371 566 371 airplane 0
205 131 231 131 231 155.00000000000003 205 155.00000000000003 airplane 0
201 160 234 160 234 189 201 189 airplane 0
268 206.99999999999997 298 206.99999999999997 298 236 268 236 airplane 0
268 247 295 247 295 270 268 270 airplane 0
350 248 382 248 382 277 350 277 airplane 0
418 242 448 242 448 265 418 265 airplane 0
418 283 450 283 450 308 418 308 airplane 0
348 283 381 283 381 312 348 312 airplane 0
350 312.99999999999994 380 312.99999999999994 380 345 350 345 airplane 0
350 345 379 345 379 374 350 374 airplane 0
267 315 300 315 300 347 267 347 airplane 0
311 346 338.99999999999994 346 338.99999999999994 376 311 376 airplane 0
535 384 564 384 564 418 535 418 airplane 0
566 384 596 384 596 418 566 418 airplane 0
423 314 453 314 453 345 423 345 airplane 0
421 347 451 347 451 375 421 375 airplane 0
423 380 446 380 446 403 423 403 airplane 0
353 379 380 379 380 402 353 402 airplane 0
169 371 199 371 199 406 169 406 airplane 0
85 558 106 558 106 573 85 573 airplane 0
206 377 236 377 236 405 206 405 airplane 0
142 385.00000000000006 157.99999999999997 385.00000000000006 157.99999999999997 407 142 407 airplane 0
202 284 232.99999999999997 284 232.99999999999997 312.99999999999994 202 312.99999999999994 airplane 0
204.00000000000003 222 232.99999999999997 222 232.99999999999997 250 204.00000000000003 250 airplane 0
201 190 235 190 235 219.99999999999997 201 219.99999999999997 airplane 0
204.00000000000003 315 232.99999999999997 315 232.99999999999997 343 204.00000000000003 343 airplane 0
203 345 237 345 237 377 203 377 airplane 0
27 347 43 347 43 364 27 364 airplane 0
49 345 65 345 65 364 49 364 airplane 0
72 346 86 346 86 364.99999999999994 72 364.99999999999994 airplane 0
1 115.00000000000001 18 115.00000000000001 18 134 1 134 airplane 0
20 124 37 124 37 140 20 140 airplane 0
92 347 105 347 105 364.99999999999994 92 364.99999999999994 airplane 0
112 346 127 346 127 368 112 368 airplane 0
105 315 125 315 125 333.00000000000006 105 333.00000000000006 airplane 0
109.99999999999999 290 127 290 127 307 109.99999999999999 307 airplane 0
109.99999999999999 271 125 271 125 289 109.99999999999999 289 airplane 0
104 251 119 251 119 267 104 267 airplane 0
38 122 54 122 54 142 38 142 airplane 0
58 122 75 122 75 140 58 140 airplane 0
109.99999999999999 143 127 143 127 161 109.99999999999999 161 airplane 0
106 163 132 163 132 186 106 186 airplane 0