464 58 484 58 484 81 464 81 airplane 0
218 45 237 45 237 70 218 70 airplane 0
499 449 520 449 520 471 499 471 airplane 0
476 447 493 447 493 467 476 467 airplane 0
331 443 350 443 350 469 331 469 airplane 0
308 442 326 442 326 462.99999999999994 308 462.99999999999994 airplane 0
280 577 294 577 294 588 280 588 airplane 0
499 553 512 553 512 568 499 568 airplane 0
289 503 310.00000000000006 503 310.00000000000006 529 289 529 airplane 0
265 476 290 476 290 498 265 498 airplane 0
256 439.99999999999994 278 439.99999999999994 278 462.99999999999994 256 462.99999999999994 airplane 0
378 446 399 446 399 469 378 469 airplane 0
405 449 423 449 423 469 405 469 airplane 0
355 443 373 443 373 467 355 467 airplane 0
261 107 288 107 288 130 261 130 airplane 0
293 107 318 107 318 129 293 129 airplane 0
390.99999999999994 111 409 111 409 134 390.99999999999994 134 airplane 0
460.00000000000006 113 479 113 479 135 460.00000000000006 135 airplane 0
438 113 457 113 457 133 438 133 airplane 0
412 109.99999999999999 434.00000000000006 109.99999999999999 434.00000000000006 134 412 134 airplane 0
217.00000000000003 103 238 103 238 130 217.00000000000003 130 airplane 0
195 107 215 107 215 126 195 126 airplane 0
170.99999999999997 104 191 104 191 127 170.99999999999997 127 airplane 0
214 441 225 441 225 454 214 454 airplane 0
191 443 205 443 205 458 191 458 airplane 0
95 439 108 439 108 451 95 451 airplane 0
369 512 386 512 386 532 369 532 airplane 0
427 446 445 446 445 465.99999999999994 427 465.99999999999994 airplane 0
125 371 140 371 140 384 125 384 airplane 0
347 113 364 113 364 133 347 133 airplane 0
591 219.99999999999997 599 219.99999999999997 599 238 591 238 airplane 0
9 178 21.000000000000004 178 21.000000000000004 190 9 190 airplane 0
554 139 566 139 566 154 554 154 airplane 0
534 118 547 118 547 132 534 132 airplane 0
446 172 458 172 458 190 446 190 airplane 0
428 173 437.00000000000006 173 437.00000000000006 185 428 185 airplane 0
503 175 511 175 511 188 503 188 airplane 0
502 90 515 90 515 102.00000000000001 502 102.00000000000001 airplane 0
416.99999999999994 62 432 62 432 77 416.99999999999994 77 airplane 0
71 138 86 138 86 150 71 150 airplane 0
15 506 23 506 23 520 15 520 airplane 0
35 505 46 505 46 519 35 519 airplane 0
96 390 105 390 105 405 96 405 airplane 0
33 109.99999999999999 43 109.99999999999999 43 126 33 126 airplane 0
186 168.00000000000003 199 168.00000000000003 199 178 186 178 airplane 0
166 442 175 442 175 455 166 455 airplane 0
143 439 154 439 154 451 143 451 airplane 0
81 106 93 106 93 118 81 118 airplane 0
71 165 86 165 86 176 71 176 airplane 0
107 163 116 163 116 176 107 176 airplane 0
92 167 101 167 101 178 92 178 airplane 0