501 453 533 453 533 482 501 482 airplane 0
447 468 479 468 479 497 447 497 airplane 0
242 238 269 238 269 266 242 266 airplane 0
107 354 130 354 130 379 107 379 airplane 0
169 354 188 354 188 378 169 378 airplane 0
159 164 178 164 178 184 159 184 airplane 0
183 119 204.00000000000003 119 204.00000000000003 139 183 139 airplane 0
69 423 86 423 86 439 69 439 airplane 0
119 49 132 49 132 63 119 63 airplane 0
144 108 162 108 162 122 144 122 airplane 0
108 15 119 15 119 24 108 24 airplane 0
105 44 115.00000000000001 44 115.00000000000001 52 105 52 airplane 0
85 20 94 20 94 29 85 29 airplane 0
98 36 107 36 107 45 98 45 airplane 0
91 30 98 30 98 35 91 35 airplane 0
205 307 218 307 218 318 205 318 airplane 0
163 326 177 326 177 341 163 341 airplane 0
76 443 96 443 96 462 76 462 airplane 0
104 78.99999999999999 115.00000000000001 78.99999999999999 115.00000000000001 91 104 91 airplane 0
83 100 96.99999999999999 100 96.99999999999999 117 83 117 airplane 0
92 462.99999999999994 109 462.99999999999994 109 477 92 477 airplane 0
119 406 130 406 130 418 119 418 airplane 0