144 90 165 90 165 117 144 117 airplane 0
295 143 319 143 319 168.00000000000003 295 168.00000000000003 airplane 0
323 147 346 147 346 169 323 169 airplane 0
346 148 371 148 371 170.99999999999997 346 170.99999999999997 airplane 0
372 153 395 153 395 174 372 174 airplane 0
395 187 426 187 426 217.00000000000003 395 217.00000000000003 airplane 0
397 219.99999999999997 424 219.99999999999997 424 255 397 255 airplane 0
481 197 502 197 502 221 481 221 airplane 0
474 172 495 172 495 196 474 196 airplane 0
465.99999999999994 144 486.00000000000006 144 486.00000000000006 167 465.99999999999994 167 airplane 0
454 121 473 121 473 145 454 145 airplane 0
494 248 521 248 521 277 494 277 airplane 0
480 280 504 280 504 307 480 307 airplane 0
472 319 496 319 496 343 472 343 airplane 0
451 341.99999999999994 477 341.99999999999994 477 368 451 368 airplane 0
431 369 456 369 456 392 431 392 airplane 0
383 378 411.00000000000006 378 411.00000000000006 405 383 405 airplane 0
359.00000000000006 361 386 361 386 387 359.00000000000006 387 airplane 0
384 331 411.00000000000006 331 411.00000000000006 359.00000000000006 384 359.00000000000006 airplane 0
409 296 438 296 438 322 409 322 airplane 0
357 332 378 332 378 350 357 350 airplane 0
334 334 355 334 355 354 334 354 airplane 0
336.00000000000006 315.99999999999994 358 315.99999999999994 358 336.00000000000006 336.00000000000006 336.00000000000006 airplane 0
325 302 351 302 351 322 325 322 airplane 0
302 252 334 252 334 277 302 277 airplane 0