70 305 109.99999999999999 305 109.99999999999999 347 70 347 airplane 0
115.00000000000001 308 154 308 154 348 115.00000000000001 348 airplane 0
176 348 218 348 218 387.99999999999994 176 387.99999999999994 airplane 0
236 345 262 345 262 377 236 377 airplane 0
227 279 255 279 255 304 227 304 airplane 0
260 392 297 392 297 423 260 423 airplane 0
281 369 306 369 306 390.99999999999994 281 390.99999999999994 airplane 0
309 302 333.00000000000006 302 333.00000000000006 323 309 323 airplane 0
585 270 599 270 599 307 585 307 airplane 0
443 334 479 334 479 372 443 372 airplane 0
381 341 421 341 421 384 381 384 airplane 0
351 374 376 374 376 403 351 403 airplane 0
445 276 476 276 476 309 445 309 airplane 0
476 242 505 242 505 274 476 274 airplane 0
504 206.99999999999997 539 206.99999999999997 539 245.99999999999997 504 245.99999999999997 airplane 0
534 166 574 166 574 214 534 214 airplane 0
569 130 599 130 599 169 569 169 airplane 0
531 63 567 63 567 98 531 98 airplane 0
498 81 527 81 527 117 498 117 airplane 0
464 100 493 100 493 138 464 138 airplane 0