484 467 524 467 524 508 484 508 airplane 0
465.99999999999994 132 504 132 504 175 465.99999999999994 175 airplane 0
392 214 431 214 431 247 392 247 airplane 0
373 254 420 254 420 298 373 298 airplane 0
367 362.00000000000006 413.99999999999994 362.00000000000006 413.99999999999994 406 367 406 airplane 0
464 1 498 1 498 36 464 36 airplane 0
371 412 415 412 415 453 371 453 airplane 0
370 540 418 540 418 584 370 584 airplane 0
367 589 416.99999999999994 589 416.99999999999994 599 367 599 airplane 0
95 564 133 564 133 599 95 599 airplane 0
77 113 111 113 111 152 77 152 airplane 0
159 177 198 177 198 214 159 214 airplane 0
185 217.00000000000003 225 217.00000000000003 225 255 185 255 airplane 0
200 257 247 257 247 298 200 298 airplane 0
204.00000000000003 363 252 363 252 405 204.00000000000003 405 airplane 0
206 415 253 415 253 458 206 458 airplane 0
205 491 230.00000000000003 491 230.00000000000003 517 205 517 airplane 0