373 130 389 130 389 147 373 147 airplane 0
338.99999999999994 108 354 108 354 124 338.99999999999994 124 airplane 0
302 88 320 88 320 104 302 104 airplane 0
285 76 301 76 301 94 285 94 airplane 0
250 54.99999999999999 265 54.99999999999999 265 73 250 73 airplane 0
228 47 245 47 245 64 228 64 airplane 0
214 35 231 35 231 52 214 52 airplane 0
267 11 286 11 286 31 267 31 airplane 0
287 20 305 20 305 40 287 40 airplane 0
341 53 357 53 357 73 341 73 airplane 0
359.00000000000006 63 376 63 376 83 359.00000000000006 83 airplane 0