337 465.99999999999994 364.99999999999994 465.99999999999994 364.99999999999994 497 337 497 airplane 0
256 526 293 526 293 563 256 563 airplane 0
225 531 254 531 254 563 225 563 airplane 0
185 530 216 530 216 563 185 563 airplane 0
154 531 185 531 185 564 154 564 airplane 0
127 536 154 536 154 575 127 575 airplane 0
76 512 115.00000000000001 512 115.00000000000001 543 76 543 airplane 0
458 284 479 284 479 302 458 302 airplane 0
520 170 551 170 551 199 520 199 airplane 0
454 253 479 253 479 277 454 277 airplane 0
385.00000000000006 298 420 298 420 335 385.00000000000006 335 airplane 0
434.00000000000006 219.99999999999997 467 219.99999999999997 467 247 434.00000000000006 247 airplane 0
427 189 461 189 461 216 427 216 airplane 0
360 219 397 219 397 253 360 253 airplane 0
351 191 382 191 382 219 351 219 airplane 0
271 255 305 255 305 287 271 287 airplane 0
72 295 101 295 101 326 72 326 airplane 0