89 149 109 149 109 169 89 169 airplane 0
173 222 190 222 190 237 173 237 airplane 0
327 219 346 219 346 238 327 238 airplane 0
184 147 206 147 206 170.99999999999997 184 170.99999999999997 airplane 0
186 124 206 124 206 147 186 147 airplane 0
144 117 163 117 163 134 144 134 airplane 0
47 277 65 277 65 292 47 292 airplane 0
120 392 135 392 135 411.00000000000006 120 411.00000000000006 airplane 0
44 221 64 221 64 238 44 238 airplane 0
122 224 134 224 134 234 122 234 airplane 0
1 131 19 131 19 148 1 148 airplane 0
480 157 495 157 495 175 480 175 airplane 0
129 476 143 476 143 498 129 498 airplane 0
0 476 16 476 16 499 0 499 airplane 0
62 535 80 535 80 560 62 560 airplane 0
533 157 544 157 544 175 533 175 airplane 0
590 143 599 143 599 160 590 160 airplane 0
379 0 393 0 393 13 379 13 airplane 0
185 0 203 0 203 20 185 20 airplane 0
15 60 35 60 35 78.99999999999999 15 78.99999999999999 airplane 0
538 103 553 103 553 119 538 119 airplane 0
493 109.99999999999999 512 109.99999999999999 512 127 493 127 airplane 0
514 156 527 156 527 174 514 174 airplane 0
493 130 511 130 511 145 493 145 airplane 0
499 147 513 147 513 162 499 162 airplane 0
497 0 514 0 514 15 497 15 airplane 0
538 122 556 122 556 138 538 138 airplane 0
131 502 149 502 149 524 131 524 airplane 0