210 196 238 196 238 226 210 226 airplane 0
186 210 212 210 212 235 186 235 airplane 0
131 169 159 169 159 198 131 198 airplane 0
126 237 152 237 152 269 126 269 airplane 0
80 130 105 130 105 157.99999999999997 80 157.99999999999997 airplane 0
63 272 88 272 88 299 63 299 airplane 0
28 294 53 294 53 322 28 322 airplane 0
243.00000000000003 436 268 436 268 465.99999999999994 243.00000000000003 465.99999999999994 airplane 0
212 454 237 454 237 483.00000000000006 212 483.00000000000006 airplane 0
76 408.00000000000006 101 408.00000000000006 101 432 76 432 airplane 0
21.000000000000004 457 42.00000000000001 457 42.00000000000001 479 21.000000000000004 479 airplane 0
78.99999999999999 557 107 557 107 586 78.99999999999999 586 airplane 0
31 561 56 561 56 589 31 589 airplane 0
350 485 380 485 380 510 350 510 airplane 0
186 465.99999999999994 211 465.99999999999994 211 494 186 494 airplane 0
114 478 137 478 137 501 114 501 airplane 0
109.99999999999999 461 124 461 124 475 109.99999999999999 475 airplane 0
99 458 111 458 111 472 99 472 airplane 0
122.99999999999999 191 137 191 137 209 122.99999999999999 209 airplane 0
113 203 122.99999999999999 203 122.99999999999999 214 113 214 airplane 0
85 198 96 198 96 212 85 212 airplane 0
59 216 71 216 71 226 59 226 airplane 0
92 584 120 584 120 599 92 599 airplane 0
160 571 186 571 186 594 160 594 airplane 0
154 541 170 541 170 558 154 558 airplane 0
96.99999999999999 208 109 208 109 219 96.99999999999999 219 airplane 0
84.00000000000001 215 94 215 94 226 84.00000000000001 226 airplane 0
71 219.99999999999997 83 219.99999999999997 83 232.99999999999997 71 232.99999999999997 airplane 0
66 139 75 139 75 154 66 154 airplane 0
52 148 60 148 60 160 52 160 airplane 0
38 154 50 154 50 166 38 166 airplane 0
40 170 47 170 47 180 40 180 airplane 0
51.00000000000001 163 63 163 63 173 51.00000000000001 173 airplane 0
65 157 75 157 75 164 65 164 airplane 0