497 519 539 519 539 555 497 555 airplane 0
495 478 537 478 537 511 495 511 airplane 0
497 430 538 430 538 464 497 464 airplane 0
495 390 542 390 542 424 495 424 airplane 0
498 350 538 350 538 383 498 383 airplane 0
491 314 540 314 540 346 491 346 airplane 0
571 353 600 353 600 381 571 381 airplane 0
573 390.99999999999994 600 390.99999999999994 600 422 573 422 airplane 0
573 467 600 467 600 491 573 491 airplane 0
569 507 600 507 600 530 569 530 airplane 0
573 544 600 544 600 566 573 566 airplane 0
397 528 434.00000000000006 528 434.00000000000006 553 397 553 airplane 0
398 475 434.00000000000006 475 434.00000000000006 498 398 498 airplane 0
402 431 438 431 438 457 402 457 airplane 0
322 318 359.00000000000006 318 359.00000000000006 347 322 347 airplane 0
315 355 358 355 358 384 315 384 airplane 0
314 395 354 395 354 421 314 421 airplane 0
315 433 360 433 360 464 315 464 airplane 0
143 521 190 521 190 555 143 555 airplane 0
219 428 261 428 261 457 219 457 airplane 0
214 364.99999999999994 265 364.99999999999994 265 398 214 398 airplane 0
223 304 248 304 248 337 223 337 airplane 0
184 302 219 302 219 341 184 341 airplane 0
168.00000000000003 253 210 253 210 290 168.00000000000003 290 airplane 0
30 209 58 209 58 229 30 229 airplane 0
1 328 27 328 27 366 1 366 airplane 0
1 409 32 409 32 439.99999999999994 1 439.99999999999994 airplane 0
13 472 53 472 53 506 13 506 airplane 0
1 571 46 571 46 600 1 600 airplane 0
144 429 184 429 184 462.99999999999994 144 462.99999999999994 airplane 0
149 393 182 393 182 422 149 422 airplane 0
143 352 181.00000000000003 352 181.00000000000003 387 143 387 airplane 0
149 302 183 302 183 340 149 340 airplane 0