30 439.99999999999994 43 439.99999999999994 43 454 30 454 airplane 0
75 420 87 420 87 432 75 432 airplane 0
77 435 94 435 94 451 77 451 airplane 0
82 472 95 472 95 484 82 484 airplane 0
84.00000000000001 488.99999999999994 103 488.99999999999994 103 510 84.00000000000001 510 airplane 0
108 491 122.99999999999999 491 122.99999999999999 509.00000000000006 108 509.00000000000006 airplane 0
126 485 139 485 139 499 126 499 airplane 0
129 464 143 464 143 477 129 477 airplane 0
125 422 140 422 140 436 125 436 airplane 0
124 410 140 410 140 421 124 421 airplane 0
191 409 206.99999999999997 409 206.99999999999997 421 191 421 airplane 0
214 471 235 471 235 490 214 490 airplane 0
261 469 279 469 279 487 261 487 airplane 0
260 422 274 422 274 435 260 435 airplane 0
336.00000000000006 403 352 403 352 419 336.00000000000006 419 airplane 0
349 420 361 420 361 433 349 433 airplane 0
390.99999999999994 454 412 454 412 476 390.99999999999994 476 airplane 0
420 445 437.00000000000006 445 437.00000000000006 461 420 461 airplane 0
408.00000000000006 401 425 401 425 420 408.00000000000006 420 airplane 0
384 364 398 364 398 379 384 379 airplane 0
360 347 383 347 383 368 360 368 airplane 0
163 576 178 576 178 591 163 591 airplane 0
350 501 364.99999999999994 501 364.99999999999994 515 350 515 airplane 0
474 490 490 490 490 505 474 505 airplane 0
562 511 577 511 577 526 562 526 airplane 0
585 347 599 347 599 373 585 373 airplane 0
484 83 506 83 506 104 484 104 airplane 0
485 108 508 108 508 126 485 126 airplane 0
472 131 491.99999999999994 131 491.99999999999994 151 472 151 airplane 0
453 167 468 167 468 181.00000000000003 453 181.00000000000003 airplane 0
382 67 406 67 406 90 382 90 airplane 0
309 98 323 98 323 111 309 111 airplane 0
326 122 345 122 345 140 326 140 airplane 0
311 141 333.00000000000006 141 333.00000000000006 159 311 159 airplane 0
299 157.99999999999997 311 157.99999999999997 311 172 299 172 airplane 0
290 175 302 175 302 187 290 187 airplane 0
251 176 264 176 264 189 251 189 airplane 0
200 90 212 90 212 107 200 107 airplane 0
181.00000000000003 107 197 107 197 120 181.00000000000003 120 airplane 0
179 126 192 126 192 139 179 139 airplane 0
175 145 189 145 189 156 175 156 airplane 0
172 160 187 160 187 173 172 173 airplane 0
169 176 186 176 186 187 169 187 airplane 0
100 155.00000000000003 116 155.00000000000003 116 167 100 167 airplane 0
100 135 116 135 116 148 100 148 airplane 0
99 120 114 120 114 132 99 132 airplane 0
90 98 109 98 109 117 90 117 airplane 0
53 95 77 95 77 120 53 120 airplane 0
49 126 63 126 63 140 49 140 airplane 0
51.00000000000001 145 67 145 67 157.99999999999997 51.00000000000001 157.99999999999997 airplane 0
50 164 68 164 68 177 50 177 airplane 0
7 184 22 184 22 196 7 196 airplane 0
2 144 19 144 19 157 2 157 airplane 0
1 130 18 130 18 143 1 143 airplane 0