589 494 599 494 599 514 589 514 airplane 0
577 591 598 591 598 599 577 599 airplane 0
290 523 308 523 308 539 290 539 airplane 0
294 470 312 470 312 483.00000000000006 294 483.00000000000006 airplane 0
228 346 264 346 264 379 228 379 airplane 0
218 448 255 448 255 481 218 481 airplane 0
225 511 242 511 242 525 225 525 airplane 0
62 506 77 506 77 520 62 520 airplane 0
153 210 181.00000000000003 210 181.00000000000003 241 153 241 airplane 0
219.99999999999997 73 241 73 241 100 219.99999999999997 100 airplane 0
206 36 228 36 228 56 206 56 airplane 0
176 0 205 0 205 16 176 16 airplane 0
261 94 293 94 293 118 261 118 airplane 0
265 122 284 122 284 144 265 144 airplane 0
251 145 286 145 286 175 251 175 airplane 0
245.99999999999997 193 284 193 284 226 245.99999999999997 226 airplane 0
94 263 131 263 131 295 94 295 airplane 0
112 188 131 188 131 206.99999999999997 112 206.99999999999997 airplane 0
15 145 35 145 35 161 15 161 airplane 0
13 164 34 164 34 182 13 182 airplane 0
12 184 30 184 30 203 12 203 airplane 0
1 337 20 337 20 373 1 373 airplane 0
254 224 273 224 273 247 254 247 airplane 0
104 232.99999999999997 125 232.99999999999997 125 254 104 254 airplane 0
109 206.99999999999997 130 206.99999999999997 130 226 109 226 airplane 0
1 380 15 380 15 415 1 415 airplane 0
89 367 109.99999999999999 367 109.99999999999999 386 89 386 airplane 0
86 387 107 387 107 409 86 409 airplane 0
85 407 108 407 108 429 85 429 airplane 0