116 135 145 135 145 161 116 161 airplane 0
186 143 208 143 208 163 186 163 airplane 0
37 151 68 151 68 177 37 177 airplane 0
222 155.00000000000003 255 155.00000000000003 255 185 222 185 airplane 0
26 179 42.00000000000001 179 42.00000000000001 195 26 195 airplane 0
304 189 325 189 325 206 304 206 airplane 0
243.00000000000003 237 260 237 260 252 243.00000000000003 252 airplane 0
428 241 445 241 445 252 428 252 airplane 0
298 256 318 256 318 271 298 271 airplane 0
291 283 308 283 308 298 291 298 airplane 0
570 289 591 289 591 305 570 305 airplane 0
446 292 471 292 471 318 446 318 airplane 0
548 305 568 305 568 318 548 318 airplane 0
369 321 393 321 393 347 369 347 airplane 0
432 331 445 331 445 346 432 346 airplane 0
584 329 599 329 599 347 584 347 airplane 0
314 332 333.00000000000006 332 333.00000000000006 347 314 347 airplane 0
349 348 363 348 363 364 349 364 airplane 0
491.99999999999994 347 521 347 521 372 491.99999999999994 372 airplane 0
557 382 575 382 575 396 557 396 airplane 0
521 413.99999999999994 536 413.99999999999994 536 428 521 428 airplane 0
522 443 534 443 534 456 522 456 airplane 0
536 451 549 451 549 462 536 462 airplane 0
11 38 30 38 30 53 11 53 airplane 0
54 77 69 77 69 90 54 90 airplane 0
85 78.99999999999999 100 78.99999999999999 100 96 85 96 airplane 0