60 551 136 551 136 599 60 599 airplane 0
43 447 138 447 138 530 43 530 airplane 0
45 283 94 283 94 336.00000000000006 45 336.00000000000006 airplane 0
28 170.99999999999997 108 170.99999999999997 108 251 28 251 airplane 0
19 67 101 67 101 155.00000000000003 19 155.00000000000003 airplane 0
7 1 90 1 90 40 7 40 airplane 0
278 580 331 580 331 599 278 599 airplane 0
284 505 325 505 325 545 284 545 airplane 0
270 338.99999999999994 311 338.99999999999994 311 380 270 380 airplane 0
264 249 314 249 314 301 264 301 airplane 0
258 74 302 74 302 120 258 120 airplane 0
261 160 317 160 317 214 261 214 airplane 0