556 260 571 260 571 275 556 275 airplane 0
442 290 459 290 459 309 442 309 airplane 0
406 294 422 294 422 310.00000000000006 406 310.00000000000006 airplane 0
351 297 361 297 361 307 351 307 airplane 0
335 297 346 297 346 307 335 307 airplane 0
282 255 303 255 303 278 282 278 airplane 0
263 268 273 268 273 279 263 279 airplane 0
267 301 284 301 284 322 267 322 airplane 0
157 298 181.00000000000003 298 181.00000000000003 322 157 322 airplane 0
130 298 154 298 154 323 130 323 airplane 0
107 299 128 299 128 324 107 324 airplane 0
78.99999999999999 300 104 300 104 325 78.99999999999999 325 airplane 0
53 303 77 303 77 326 53 326 airplane 0