188 325 211 325 211 353 188 353 airplane 0
558 473 588 473 588 499 558 499 airplane 0
127 230.00000000000003 153 230.00000000000003 153 255 127 255 airplane 0
165 228 186 228 186 253 165 253 airplane 0
204.00000000000003 224 226 224 226 251 204.00000000000003 251 airplane 0
13 244 29 244 29 264 13 264 airplane 0
28 247 43 247 43 266 28 266 airplane 0
44 244 58 244 58 266 44 266 airplane 0
28 198 45 198 45 217.00000000000003 28 217.00000000000003 airplane 0
48 198 63 198 63 216 48 216 airplane 0
244 235 257 235 257 245.99999999999997 244 245.99999999999997 airplane 0