282 42.00000000000001 296 42.00000000000001 296 54 282 54 airplane 0
257 35 271 35 271 46 257 46 airplane 0
288 0 305 0 305 3 288 3 airplane 0
155.00000000000003 28 175 28 175 46 155.00000000000003 46 airplane 0
116 26 137 26 137 43 116 43 airplane 0
164 228 183 228 183 248 164 248 airplane 0
141 307 160 307 160 327 141 327 airplane 0
133 346 153 346 153 364.99999999999994 133 364.99999999999994 airplane 0
129 366 148 366 148 385.00000000000006 129 385.00000000000006 airplane 0
88 349 109 349 109 374 88 374 airplane 0
53 338.99999999999994 74 338.99999999999994 74 356 53 356 airplane 0
63 301 82 301 82 326 63 326 airplane 0
83 305 102.00000000000001 305 102.00000000000001 324 83 324 airplane 0
187 322 210 322 210 341 187 341 airplane 0
177 353 199 353 199 373 177 373 airplane 0
172 370 195 370 195 389 172 389 airplane 0
219.99999999999997 392 239 392 239 411.00000000000006 219.99999999999997 411.00000000000006 airplane 0
224 375 251 375 251 393 224 393 airplane 0
237 358 258 358 258 378 237 378 airplane 0
241 341.99999999999994 266 341.99999999999994 266 360 241 360 airplane 0
278 390 302 390 302 410 278 410 airplane 0
273 407 297 407 297 429 273 429 airplane 0
264 423 291 423 291 444 264 444 airplane 0
263 444 291 444 291 465 263 465 airplane 0
254 464 285 464 285 485 254 485 airplane 0
252 482 279 482 279 502 252 502 airplane 0
247 499 274 499 274 517 247 517 airplane 0
242 518 269 518 269 538 242 538 airplane 0
307 407 326 407 326 424 307 424 airplane 0
312.99999999999994 419 330 419 330 436 312.99999999999994 436 airplane 0
323 434.00000000000006 341 434.00000000000006 341 451 323 451 airplane 0
373 360 394 360 394 379 373 379 airplane 0
379 381 400 381 400 400 379 400 airplane 0
393 394 410 394 410 413 393 413 airplane 0
403 409 424 409 424 428 403 428 airplane 0
456 384 480 384 480 402 456 402 airplane 0
449 372 471 372 471 389 449 389 airplane 0
439 356 462 356 462 374 439 374 airplane 0
427 345 447 345 447 364 427 364 airplane 0