15 345 36 345 36 372 15 372 airplane 0
253 386 271 386 271 405 253 405 airplane 0
424 405 439.99999999999994 405 439.99999999999994 424 424 424 airplane 0
496 396 510 396 510 416.99999999999994 496 416.99999999999994 airplane 0
550 328 567 328 567 347 550 347 airplane 0
525 324 540 324 540 343 525 343 airplane 0
498 320 511 320 511 336.00000000000006 498 336.00000000000006 airplane 0
462.99999999999994 312 478 312 478 331 462.99999999999994 331 airplane 0
412 306 432 306 432 327 412 327 airplane 0
343 302 368 302 368 327 343 327 airplane 0
245.99999999999997 289 271 289 271 311 245.99999999999997 311 airplane 0
190 276 214 276 214 306 190 306 airplane 0