114 122.99999999999999 133 122.99999999999999 133 147 114 147 airplane 0
53 125 74 125 74 154 53 154 airplane 0
356 154 375 154 375 175 356 175 airplane 0
181.00000000000003 156 232.99999999999997 156 232.99999999999997 206.99999999999997 181.00000000000003 206.99999999999997 airplane 0
331 170.99999999999997 358 170.99999999999997 358 197 331 197 airplane 0
412 205 432 205 432 221 412 221 airplane 0
198 213 232.99999999999997 213 232.99999999999997 243.00000000000003 198 243.00000000000003 airplane 0
413.99999999999994 226 446 226 446 256 413.99999999999994 256 airplane 0
331 227 362.00000000000006 227 362.00000000000006 259 331 259 airplane 0
251 247 279 247 279 277 251 277 airplane 0
426 258 456 258 456 288 426 288 airplane 0
341 259 371 259 371 291 341 291 airplane 0
214 277 245.99999999999997 277 245.99999999999997 308 214 308 airplane 0
346 297 381 297 381 327 346 327 airplane 0
446 293 495 293 495 340 446 340 airplane 0
360 335 390 335 390 366 360 366 airplane 0
235 377 273 377 273 409 235 409 airplane 0
370 383 400 383 400 413.99999999999994 370 413.99999999999994 airplane 0
383 421 411.00000000000006 421 411.00000000000006 447 383 447 airplane 0
264 453 284 453 284 473 264 473 airplane 0
465 450 514 450 514 498 465 498 airplane 0
262 482 293 482 293 509.00000000000006 262 509.00000000000006 airplane 0
401 502 430 502 430 529 401 529 airplane 0
269 513 299 513 299 542 269 542 airplane 0
477 525 500 525 500 546 477 546 airplane 0
273 543 306 543 306 570 273 570 airplane 0
487 551 509.00000000000006 551 509.00000000000006 573 487 573 airplane 0
232 563 253 563 253 582 232 582 airplane 0
259 561 283 561 283 590 259 590 airplane 0
475 572 499 572 499 591 475 591 airplane 0
452 578 471 578 471 599 452 599 airplane 0