574 253 590 253 590 269 574 269 airplane 0
449 285 468 285 468 306 449 306 airplane 0
410 290 427 290 427 307 410 307 airplane 0
350 293 361 293 361 305 350 305 airplane 0
332 293 344 293 344 305 332 305 airplane 0
275 248 298 248 298 272 275 272 airplane 0
254 262 265 262 265 273 254 273 airplane 0
258 298 277 298 277 321 258 321 airplane 0
138 294 164 294 164 321 138 321 airplane 0
109 294 134 294 134 322 109 322 airplane 0
84.00000000000001 296 107 296 107 324 84.00000000000001 324 airplane 0
53 297 80 297 80 325 53 325 airplane 0
24 300 51.00000000000001 300 51.00000000000001 324 24 324 airplane 0