325 243.00000000000003 357 243.00000000000003 357 271 325 271 airplane 0
512 403 541 403 541 433 512 433 airplane 0
583 411.00000000000006 599 411.00000000000006 599 438 583 438 airplane 0
532 379 559 379 559 404 532 404 airplane 0
538 347 568 347 568 373 538 373 airplane 0
593 302 599 302 599 335 593 335 airplane 0
121 439 139 439 139 456 121 456 airplane 0
464 356 475 356 475 373 464 373 airplane 0
357 334 381 334 381 350 357 350 airplane 0
421 400 438 400 438 418 421 418 airplane 0
420 354 437.00000000000006 354 437.00000000000006 374 420 374 airplane 0
395 354 413 354 413 378 395 378 airplane 0
416 422 428 422 428 434.00000000000006 416 434.00000000000006 airplane 0
288 447 306 447 306 462 288 462 airplane 0
244 449 264 449 264 465.99999999999994 244 465.99999999999994 airplane 0
317 341.99999999999994 338.99999999999994 341.99999999999994 338.99999999999994 363 317 363 airplane 0
295 380 312 380 312 395 295 395 airplane 0
273 385.00000000000006 288 385.00000000000006 288 400 273 400 airplane 0
92 484 108 484 108 502 92 502 airplane 0
61 445 75 445 75 461 61 461 airplane 0