405 499 424 499 424 522 405 522 airplane 0
324 428 340 428 340 443 324 443 airplane 0
338.99999999999994 405 359.00000000000006 405 359.00000000000006 425 338.99999999999994 425 airplane 0
163 359.00000000000006 184 359.00000000000006 184 380 163 380 airplane 0
439.99999999999994 592 460.00000000000006 592 460.00000000000006 600 439.99999999999994 600 airplane 0
465 585 486.00000000000006 585 486.00000000000006 599 465 599 airplane 0
66 231 87 231 87 256 66 256 airplane 0
47 195 63 195 63 218 47 218 airplane 0
156 167 170.99999999999997 167 170.99999999999997 183 156 183 airplane 0
99 120 111 120 111 129 99 129 airplane 0
112 105 124 105 124 114 112 114 airplane 0
80 75 92 75 92 87 80 87 airplane 0
94 68 105 68 105 78.99999999999999 94 78.99999999999999 airplane 0
40 54 53 54 53 69 40 69 airplane 0
56 44 70 44 70 60 56 60 airplane 0
520 555 538 555 538 574 520 574 airplane 0
556 526 578 526 578 551 556 551 airplane 0