11 424 23 424 23 438 11 438 airplane 0
12 439.99999999999994 31 439.99999999999994 31 459 12 459 airplane 0
18 482 33 482 33 496 18 496 airplane 0
20 502 42.00000000000001 502 42.00000000000001 525 20 525 airplane 0
46 504 64 504 64 523 46 523 airplane 0
67 497 81 497 81 512 67 512 airplane 0
71 474 86 474 86 488 71 488 airplane 0
66 427 82 427 82 442 66 442 airplane 0
65 412 82 412 82 425 65 425 airplane 0
140 411.00000000000006 157.99999999999997 411.00000000000006 157.99999999999997 425 140 425 airplane 0
166 481 189 481 189 503 166 503 airplane 0
218 479 239 479 239 500 218 500 airplane 0
217.00000000000003 426 232.99999999999997 426 232.99999999999997 439.99999999999994 217.00000000000003 439.99999999999994 airplane 0
302 405 320 405 320 423 302 423 airplane 0
315.99999999999994 424 330 424 330 439 315.99999999999994 439 airplane 0
364 462 387 462 387 487 364 487 airplane 0
396 452 415 452 415 470 396 470 airplane 0
382 403 402 403 402 424 382 424 airplane 0
356 362.00000000000006 372 362.00000000000006 372 378 356 378 airplane 0
329 341.99999999999994 354 341.99999999999994 354 366 329 366 airplane 0
317 515 335 515 335 531 317 531 airplane 0
456 503 475 503 475 519 456 519 airplane 0
555 526 572 526 572 542 555 542 airplane 0
581 343 600 343 600 369 581 369 airplane 0
468 46 491.99999999999994 46 491.99999999999994 71 468 71 airplane 0
469 74 495 74 495 95 469 95 airplane 0
454 101 477 101 477 122.99999999999999 454 122.99999999999999 airplane 0
434.00000000000006 141 450 141 450 157 434.00000000000006 157 airplane 0
353 29 380 29 380 54 353 54 airplane 0
272 64 287 64 287 78 272 78 airplane 0
291 90 312.99999999999994 90 312.99999999999994 109.99999999999999 291 109.99999999999999 airplane 0
274 111 299 111 299 132 274 132 airplane 0
261 131 275 131 275 146 261 146 airplane 0
250 150 264 150 264 164 250 164 airplane 0
208 151 222 151 222 166 208 166 airplane 0
150 54 164 54 164 73 150 73 airplane 0
129 73 146 73 146 88 129 88 airplane 0
127 95 142 95 142 109 127 109 airplane 0
122 116 138 116 138 128 122 128 airplane 0
118 133 136 133 136 147 118 147 airplane 0
115.00000000000001 151 134 151 134 163 115.00000000000001 163 airplane 0
38 128 56 128 56 140 38 140 airplane 0
38 106 56 106 56 120 38 120 airplane 0
37 88 53 88 53 102.00000000000001 37 102.00000000000001 airplane 0
27 64 48 64 48 85 27 85 airplane 0
1 59 12 59 12 88 1 88 airplane 0