470 430 496 430 496 452 470 452 airplane 0
540 437.00000000000006 563 437.00000000000006 563 468 540 468 airplane 0
490 450 517 450 517 482 490 482 airplane 0
454 459 482 459 482 493 454 493 airplane 0
510 283 547 283 547 311 510 311 airplane 0
421 275 439 275 439 294 421 294 airplane 0
500 202 520 202 520 219 500 219 airplane 0
473 210 493 210 493 231 473 231 airplane 0
413.99999999999994 230.00000000000003 434.00000000000006 230.00000000000003 434.00000000000006 247 413.99999999999994 247 airplane 0
384 215 400 215 400 229 384 229 airplane 0
484 121 515 121 515 147 484 147 airplane 0
467 114 488.99999999999994 114 488.99999999999994 128 467 128 airplane 0
448 95 468 95 468 112 448 112 airplane 0
428 102.00000000000001 447 102.00000000000001 447 124 428 124 airplane 0
341 137 360 137 360 153 341 153 airplane 0
338 156 357 156 357 169 338 169 airplane 0
311 99 334 99 334 117 311 117 airplane 0
396 45 428 45 428 69 396 69 airplane 0
362.00000000000006 91 382 91 382 109.99999999999999 362.00000000000006 109.99999999999999 airplane 0
235 0 259 0 259 11 235 11 airplane 0
227 8 244 8 244 26 227 26 airplane 0
259 121 279 121 279 140 259 140 airplane 0
215 132 237 132 237 148 215 148 airplane 0
195 99 215 99 215 114 195 114 airplane 0
122 96.99999999999999 140 96.99999999999999 140 114 122 114 airplane 0
135 109 152 109 152 128 135 128 airplane 0
151 121 169 121 169 139 151 139 airplane 0
163 137 184 137 184 151 163 151 airplane 0
179 147 196 147 196 164 179 164 airplane 0
193 157.99999999999997 210 157.99999999999997 210 173 193 173 airplane 0
109.99999999999999 170 139 170 139 201 109.99999999999999 201 airplane 0
85 164 107 164 107 188 85 188 airplane 0
74 153 94 153 94 169 74 169 airplane 0
14 153 37 153 37 177 14 177 airplane 0
67 113 87 113 87 129 67 129 airplane 0
57 93 84.00000000000001 93 84.00000000000001 107 57 107 airplane 0
46 49 69 49 69 68 46 68 airplane 0
37 8 62 8 62 25 37 25 airplane 0
101 42.00000000000001 122 42.00000000000001 122 57 101 57 airplane 0
91 21.000000000000004 115.00000000000001 21.000000000000004 115.00000000000001 35 91 35 airplane 0
85 0 109.99999999999999 0 109.99999999999999 16 85 16 airplane 0
134 239 156 239 156 254 134 254 airplane 0
136 285 169 285 169 308 136 308 airplane 0
31 359.00000000000006 51.00000000000001 359.00000000000006 51.00000000000001 381 31 381 airplane 0
157 338 183 338 183 354 157 354 airplane 0
166 364 188 364 188 380 166 380 airplane 0
163 386 200 386 200 413 163 413 airplane 0
139 455 159 455 159 474 139 474 airplane 0
229 443 245.99999999999997 443 245.99999999999997 465.99999999999994 229 465.99999999999994 airplane 0
219 464 238 464 238 480 219 480 airplane 0
214 507 238 507 238 525 214 525 airplane 0
221 559 244 559 244 578 221 578 airplane 0
206 573 228 573 228 597 206 597 airplane 0
186 582 205 582 205 599 186 599 airplane 0
169 572 191 572 191 589 169 589 airplane 0
155.00000000000003 532 178 532 178 552 155.00000000000003 552 airplane 0
140 476 163 476 163 493 140 493 airplane 0
167 442 189 442 189 459 167 459 airplane 0
254 66 277 66 277 89 254 89 airplane 0