85 324 112 324 112 360 85 360 airplane 0
36 330 61 330 61 356 36 356 airplane 0
1 326 13 326 13 361 1 361 airplane 0
236 206 253 206 253 229 236 229 airplane 0
260 211 274 211 274 228 260 228 airplane 0
280 211 294 211 294 228 280 228 airplane 0
326 206 340 206 340 226 326 226 airplane 0
346 209 359.00000000000006 209 359.00000000000006 226 346 226 airplane 0
363 203 383 203 383 223 363 223 airplane 0
595 401 600 401 600 426 595 426 airplane 0
500 289 526 289 526 311 500 311 airplane 0
500 332 520 332 520 351 500 351 airplane 0
381 468 401 468 401 487 381 487 airplane 0
358 425 379 425 379 442 358 442 airplane 0
353 384 379 384 379 406 353 406 airplane 0
363 354 380 354 380 366 363 366 airplane 0
353 312.99999999999994 373 312.99999999999994 373 331 353 331 airplane 0
323 300 340 300 340 319 323 319 airplane 0
290 299 312 299 312 321 290 321 airplane 0
261 314 279 314 279 330 261 330 airplane 0
253 355 276 355 276 378 253 378 airplane 0