273 591 296 591 296 599 273 599 airplane 0
205 410 215 410 215 419 205 419 airplane 0
287 409 297 409 297 419 287 419 airplane 0
204.00000000000003 405 212 405 212 411.00000000000006 204.00000000000003 411.00000000000006 airplane 0
107 390.99999999999994 120 390.99999999999994 120 402 107 402 airplane 0
29 392 37 392 37 401 29 401 airplane 0
0 387.99999999999994 8 387.99999999999994 8 399 0 399 airplane 0
0 370 8 370 8 382 0 382 airplane 0
154 356 162 356 162 367 154 367 airplane 0
166 357 175 357 175 366 166 366 airplane 0
208 353 218 353 218 367 208 367 airplane 0
196 353 208 353 208 366 196 366 airplane 0
225 352 236 352 236 367 225 367 airplane 0
0 352 10 352 10 364 0 364 airplane 0
48 353 65 353 65 364 48 364 airplane 0
173 353 182 353 182 363 173 363 airplane 0
157.99999999999997 353 166 353 166 361 157.99999999999997 361 airplane 0
147 352 157 352 157 361 147 361 airplane 0
282 344 299 344 299 356 282 356 airplane 0
52 343 65 343 65 351 52 351 airplane 0
0 340 10 340 10 352 0 352 airplane 0
32 341.99999999999994 40 341.99999999999994 40 351 32 351 airplane 0
301 340 315.99999999999994 340 315.99999999999994 350 301 350 airplane 0
35 338 48 338 48 346 35 346 airplane 0
308 336.00000000000006 325 336.00000000000006 325 347 308 347 airplane 0
50 337 60 337 60 346 50 346 airplane 0
289 334 307 334 307 347 289 347 airplane 0
54 334 65 334 65 341 54 341 airplane 0
33 332 44 332 44 338 33 338 airplane 0
0 326 9 326 9 338.99999999999994 0 338.99999999999994 airplane 0
35 324 50 324 50 332 35 332 airplane 0
33 319 44 319 44 327 33 327 airplane 0
53 319 64 319 64 327 53 327 airplane 0
2 317 12 317 12 325 2 325 airplane 0
16 309 27 309 27 324 16 324 airplane 0
33 312 43 312 43 319 33 319 airplane 0
35 307 50 307 50 315 35 315 airplane 0
50 305 60 305 60 315 50 315 airplane 0
177 303 188 303 188 312.99999999999994 177 312.99999999999994 airplane 0
53 300 63 300 63 308 53 308 airplane 0
0 299 13 299 13 307 0 307 airplane 0
2 295 11 295 11 302 2 302 airplane 0
181.00000000000003 294 192 294 192 302 181.00000000000003 302 airplane 0
37 292 52 292 52 303 37 303 airplane 0
32 287 44 287 44 296 32 296 airplane 0
184 284 199 284 199 294 184 294 airplane 0
0 279 11 279 11 291 0 291 airplane 0
49 271 68 271 68 287 49 287 airplane 0
183 269 200 269 200 281 183 281 airplane 0
35 269 46 269 46 277 35 277 airplane 0
6 267 18 267 18 277 6 277 airplane 0
37 262 51.00000000000001 262 51.00000000000001 271 37 271 airplane 0
214 255 231 255 231 271 214 271 airplane 0
182 256 200 256 200 268 182 268 airplane 0
50 255 60 255 60 265 50 265 airplane 0
35 245 50 245 50 255 35 255 airplane 0
184 245 198 245 198 254 184 254 airplane 0
512 244 523 244 523 254 512 254 airplane 0
512 230.00000000000003 523 230.00000000000003 523 243.00000000000003 512 243.00000000000003 airplane 0
546 227 560 227 560 245 546 245 airplane 0
38 232 49 232 49 240 38 240 airplane 0
560 226 574 226 574 245 560 245 airplane 0
524 228 534 228 534 242 524 242 airplane 0
532 226 546 226 546 244 532 244 airplane 0
484 226 500 226 500 243.00000000000003 484 243.00000000000003 airplane 0
215 228 231 228 231 238 215 238 airplane 0
462.99999999999994 224 477 224 477 242 462.99999999999994 242 airplane 0
433 223 449 223 449 240 433 240 airplane 0
381 223 395 223 395 239 381 239 airplane 0
416.99999999999994 222 433 222 433 240 416.99999999999994 240 airplane 0
450 222 464 222 464 240 450 240 airplane 0
395 222 404 222 404 231 395 231 airplane 0
37 214 49 214 49 225 37 225 airplane 0
215 211 234 211 234 227 215 227 airplane 0
185 210 196 210 196 219.99999999999997 185 219.99999999999997 airplane 0
90 200 103 200 103 213 90 213 airplane 0
53 197 65 197 65 209 53 209 airplane 0
181.00000000000003 193 206 193 206 210 181.00000000000003 210 airplane 0
531 187 548 187 548 208 531 208 airplane 0
422 187 433 187 433 203 422 203 airplane 0
434.00000000000006 187 446 187 446 203 434.00000000000006 203 airplane 0
445 186 461 186 461 202 445 202 airplane 0
461 187 476 187 476 201 461 201 airplane 0
548 188 558 188 558 199 548 199 airplane 0
476 183 494 183 494 203 476 203 airplane 0
376 178 395 178 395 197 376 197 airplane 0
327 177 346 177 346 197 327 197 airplane 0
348 176 369 176 369 196 348 196 airplane 0
182 178 206 178 206 193 182 193 airplane 0
107 166 128 166 128 182 107 182 airplane 0
404 9 421 9 421 25 404 25 airplane 0
387.99999999999994 1 405 1 405 17 387.99999999999994 17 airplane 0