0 351 32 351 32 395 0 395 airplane 0
88 181.00000000000003 112 181.00000000000003 112 212 88 212 airplane 0
83 494 107 494 107 515 83 515 airplane 0
145 478 170 478 170 503 145 503 airplane 0
170 465 197 465 197 491.99999999999994 170 491.99999999999994 airplane 0
251 457 280 457 280 485 251 485 airplane 0
353 450 383 450 383 477 353 477 airplane 0
366 515 403 515 403 546 366 546 airplane 0
503 396 524 396 524 425 503 425 airplane 0
465 336.00000000000006 488 336.00000000000006 488 359.00000000000006 465 359.00000000000006 airplane 0
576 325 599 325 599 345 576 345 airplane 0
412 155.00000000000003 439 155.00000000000003 439 177 412 177 airplane 0
446 81 465.99999999999994 81 465.99999999999994 105 446 105 airplane 0
469 124 499 124 499 151 469 151 airplane 0
382 25 408.00000000000006 25 408.00000000000006 48 382 48 airplane 0
430 48 461 48 461 77 430 77 airplane 0
512 26 537 26 537 47 512 47 airplane 0
517 1 540 1 540 18 517 18 airplane 0