3 174 30 174 30 197 3 197 airplane 0
449 278 472 278 472 294 449 294 airplane 0
379 346 406 346 406 376 379 376 airplane 0
315.99999999999994 398 341.99999999999994 398 341.99999999999994 431 315.99999999999994 431 airplane 0
465 462 495 462 495 494 465 494 airplane 0
411.00000000000006 507 443 507 443 535 411.00000000000006 535 airplane 0
382 479 411.00000000000006 479 411.00000000000006 514 382 514 airplane 0
359.00000000000006 453 387 453 387 486.00000000000006 359.00000000000006 486.00000000000006 airplane 0
335 429 362.00000000000006 429 362.00000000000006 458 335 458 airplane 0
287 439 312.99999999999994 439 312.99999999999994 468 287 468 airplane 0
297 462 324 462 324 490 297 490 airplane 0
285 485 311 485 311 515 285 515 airplane 0
320 475 345 475 345 507 320 507 airplane 0
306 502 327 502 327 527 306 527 airplane 0
323 527 349 527 349 559 323 559 airplane 0
350 518 373 518 373 540 350 540 airplane 0
331 503 357 503 357 529 331 529 airplane 0
569 145 594 145 594 177 569 177 airplane 0
490 134 510 134 510 160 490 160 airplane 0
475 104 494 104 494 133 475 133 airplane 0
403 102.00000000000001 423 102.00000000000001 423 129 403 129 airplane 0
416.99999999999994 125 439.99999999999994 125 439.99999999999994 151 416.99999999999994 151 airplane 0
436 151 452 151 452 177 436 177 airplane 0
407 152 429 152 429 175 407 175 airplane 0
449 176 471 176 471 203 449 203 airplane 0
425 174 447 174 447 201 425 201 airplane 0