45 412 68 412 68 437.00000000000006 45 437.00000000000006 airplane 0
76 410 95 410 95 432 76 432 airplane 0
235 405 256 405 256 435 235 435 airplane 0
262 404 282 404 282 427 262 427 airplane 0
298 555 312.99999999999994 555 312.99999999999994 568 298 568 airplane 0
53 528 69 528 69 544 53 544 airplane 0
280 472 303 472 303 502 280 502 airplane 0
303 442 330 442 330 467 303 467 airplane 0
315.99999999999994 402 341 402 341 428 315.99999999999994 428 airplane 0
180 409 203 409 203 435 180 435 airplane 0
154 412 174 412 174 435 154 435 airplane 0
209 405 229 405 229 432 209 432 airplane 0
304 30 334 30 334 56 304 56 airplane 0
270 30 299 30 299 54.99999999999999 270 54.99999999999999 airplane 0
169 34 189 34 189 60 169 60 airplane 0
91 37 112 37 112 62 91 62 airplane 0
116 37 137 37 137 59 116 59 airplane 0
141 33 166 33 166 60 141 60 airplane 0
360 26 384 26 384 54.99999999999999 360 54.99999999999999 airplane 0
386 29 409 29 409 51.00000000000001 386 51.00000000000001 airplane 0
412 26 435 26 435 52 412 52 airplane 0
375 403 387 403 387 418 375 418 airplane 0
397 405 412 405 412 422 397 422 airplane 0
506 402 520 402 520 415 506 415 airplane 0
195 482 214 482 214 504 195 504 airplane 0
129 409 149 409 149 431 129 431 airplane 0
470 325 487 325 487 340 470 340 airplane 0
219.99999999999997 37 239 37 239 59 219.99999999999997 59 airplane 0
0 63 9 63 9 82 0 82 airplane 0
14 42.00000000000001 30 42.00000000000001 30 58 14 58 airplane 0
114 103 128 103 128 122.99999999999999 114 122.99999999999999 airplane 0
137 104 148 104 148 117 137 117 airplane 0
54 107 64 107 64 121 54 121 airplane 0
50 11 65 11 65 25 50 25 airplane 0
530 65 547 65 547 78 530 78 airplane 0
574 475 587 475 587 490 574 490 airplane 0
509.00000000000006 346 519 346 519 363 509.00000000000006 363 airplane 0
578 33 590 33 590 51.00000000000001 578 51.00000000000001 airplane 0
404 98 418 98 418 109.99999999999999 404 109.99999999999999 airplane 0
430 404 439.99999999999994 404 439.99999999999994 419 430 419 airplane 0
454 402 467 402 467 415 454 415 airplane 0
522 29 535 29 535 43 522 43 airplane 0
530 95 547 95 547 108 530 108 airplane 0
496 92 507 92 507 108 496 108 airplane 0
513 96.99999999999999 523 96.99999999999999 523 109.99999999999999 513 109.99999999999999 airplane 0