71 546 92 546 92 566 71 566 airplane 0
70 519 94 519 94 542 70 542 airplane 0
70 490 94 490 94 509.00000000000006 70 509.00000000000006 airplane 0
67 469 87 469 87 486.00000000000006 67 486.00000000000006 airplane 0
71 444 92 444 92 462.99999999999994 71 462.99999999999994 airplane 0
73 421 93 421 93 439.99999999999994 73 439.99999999999994 airplane 0
73 395 92 395 92 415 73 415 airplane 0
73 356 99 356 99 374 73 374 airplane 0
74 334 96.99999999999999 334 96.99999999999999 354 74 354 airplane 0
69 312 92 312 92 329 69 329 airplane 0
75 292 91 292 91 306 75 306 airplane 0
74 268 96 268 96 285 74 285 airplane 0
185 261 213 261 213 285 185 285 airplane 0
76 247 99 247 99 264 76 264 airplane 0
72 217.00000000000003 93 217.00000000000003 93 236 72 236 airplane 0
73 193.99999999999997 99 193.99999999999997 99 215 73 215 airplane 0
73 170 94 170 94 189 73 189 airplane 0
75 148 96 148 96 169 75 169 airplane 0
0 119 6 119 6 142 0 142 airplane 0
71 111 94 111 94 137 71 137 airplane 0
80 93 100 93 100 114 80 114 airplane 0
0 73 6 73 6 96.99999999999999 0 96.99999999999999 airplane 0
82 49 98 49 98 67 82 67 airplane 0
72 578 92 578 92 594 72 594 airplane 0