56 518 99 518 99 555 56 555 airplane 0
58 476 101 476 101 510 58 510 airplane 0
57 427 99 427 99 461 57 461 airplane 0
52 386 101 386 101 421 52 421 airplane 0
57 345 98 345 98 379 57 379 airplane 0
54 308 105 308 105 341 54 341 airplane 0
0 348 22 348 22 377 0 377 airplane 0
0 387 20 387 20 419 0 419 airplane 0
0 465 20 465 20 490 0 490 airplane 0
0 506 24 506 24 530 0 530 airplane 0
0 544 20 544 20 567 0 567 airplane 0
163 528 201 528 201 553 163 553 airplane 0
163 473 199 473 199 496 163 496 airplane 0
160 428 196 428 196 454 160 454 airplane 0
240 311 278 311 278 341.99999999999994 240 341.99999999999994 airplane 0
242 350 286 350 286 380 242 380 airplane 0
245.99999999999997 392 287 392 287 418 245.99999999999997 418 airplane 0
239 430 285 430 285 462 239 462 airplane 0
413 520 462 520 462 555 413 555 airplane 0
340 425 383 425 383 454 340 454 airplane 0
336.00000000000006 360 387.99999999999994 360 387.99999999999994 393 336.00000000000006 393 airplane 0
354 298 379 298 379 331 354 331 airplane 0
383 296 418 296 418 336.00000000000006 383 336.00000000000006 airplane 0
393 245.99999999999997 436 245.99999999999997 436 284 393 284 airplane 0
547 201 577 201 577 222 547 222 airplane 0
580 322 599 322 599 361 580 361 airplane 0
575 405 599 405 599 437.00000000000006 575 437.00000000000006 airplane 0
554 470 595 470 595 504 554 504 airplane 0
560 571 599 571 599 599 560 599 airplane 0
420 426 461 426 461 460.00000000000006 420 460.00000000000006 airplane 0
422 389 455 389 455 419 422 419 airplane 0
423 347 462 347 462 383 423 383 airplane 0
421 296 455 296 455 335 421 335 airplane 0