0 103 18 103 18 121 0 121 airplane 0
10 2 30 2 30 22 10 22 airplane 0
307 75 326 75 326 92 307 92 airplane 0
304 132 322 132 322 145 304 145 airplane 0
353 239 390 239 390 273 353 273 airplane 0
362.00000000000006 134 400 134 400 168.00000000000003 362.00000000000006 168.00000000000003 airplane 0
375 89 393 89 393 104 375 104 airplane 0
545 94 561 94 561 108 545 108 airplane 0
438 381 467 381 467 413 438 413 airplane 0
376 526 398 526 398 554 376 554 airplane 0
389 572 412 572 412 592 389 592 airplane 0
323 507 356 507 356 532 323 532 airplane 0
332 481 351 481 351 504 332 504 airplane 0
330 449 364.99999999999994 449 364.99999999999994 480 330 480 airplane 0
332 396 372 396 372 430 332 430 airplane 0
490 325 528 325 528 358 490 358 airplane 0
490 416 509.00000000000006 416 509.00000000000006 436 490 436 airplane 0
588 462 599 462 599 480 588 480 airplane 0
589 441 599 441 599 460.00000000000006 589 460.00000000000006 airplane 0
593 419 599 419 599 439 593 439 airplane 0
343 375 363 375 363 399 343 399 airplane 0
495 368 517 368 517 389 495 389 airplane 0
490 397 512 397 512 416 490 416 airplane 0
511 232 532 232 532 251 511 251 airplane 0
514 208 536 208 536 231 514 231 airplane 0
513 188 537 188 537 211 513 211 airplane 0