519 475 574 475 574 519 519 519 airplane 0
516 431 566 431 566 475 516 475 airplane 0
512 389 563 389 563 431 512 431 airplane 0
518 312.99999999999994 560 312.99999999999994 560 354 518 354 airplane 0
217.00000000000003 353 252 353 252 389 217.00000000000003 389 airplane 0
434.00000000000006 475 477 475 477 518 434.00000000000006 518 airplane 0
364.99999999999994 433 400 433 400 465.99999999999994 364.99999999999994 465.99999999999994 airplane 0
437.00000000000006 394 462 394 462 413.99999999999994 437.00000000000006 413.99999999999994 airplane 0
361 396 397 396 397 428 361 428 airplane 0
322 366 360 366 360 406 322 406 airplane 0
425 324 455 324 455 357 425 357 airplane 0
383 329 416 329 416 368 383 368 airplane 0
298 439.99999999999994 331 439.99999999999994 331 465.99999999999994 298 465.99999999999994 airplane 0
39 520 60 520 60 539 39 539 airplane 0
104 533 136 533 136 553 104 553 airplane 0
170.99999999999997 519 197 519 197 544 170.99999999999997 544 airplane 0
369 300 400 300 400 322 369 322 airplane 0
20 411.00000000000006 53 411.00000000000006 53 441 20 441 airplane 0
360 370 381 370 381 393 360 393 airplane 0
239 481 266 481 266 505 239 505 airplane 0
226 444 258 444 258 471 226 471 airplane 0
301 418 326 418 326 435 301 435 airplane 0
351 334 378 334 378 364 351 364 airplane 0
312.99999999999994 509.00000000000006 332 509.00000000000006 332 524 312.99999999999994 524 airplane 0
243.00000000000003 516 263 516 263 531 243.00000000000003 531 airplane 0