128 271 153 271 153 305 128 305 airplane 0
81 275 104 275 104 300 81 300 airplane 0
33 270 60 270 60 302 33 302 airplane 0
1 271 10 271 10 300 1 300 airplane 0
16 368 36 368 36 392 16 392 airplane 0
271 395 286 395 286 418 271 418 airplane 0
293 396 307 396 307 412 293 412 airplane 0
312 396 326 396 326 412 312 412 airplane 0
356 399 369 399 369 418 356 418 airplane 0
375 399 387 399 387 413.99999999999994 375 413.99999999999994 airplane 0
390.99999999999994 401 410 401 410 420 390.99999999999994 420 airplane 0
521 318 545 318 545 338 521 338 airplane 0
521 280 540 280 540 298 521 298 airplane 0
408.00000000000006 151 427 151 427 169 408.00000000000006 169 airplane 0
387 193.99999999999997 407 193.99999999999997 407 209 387 209 airplane 0
382 227 406 227 406 249 382 249 airplane 0
390.99999999999994 266 408.00000000000006 266 408.00000000000006 277 390.99999999999994 277 airplane 0
382 299 401 299 401 315.99999999999994 382 315.99999999999994 airplane 0
353 310.00000000000006 370 310.00000000000006 370 328 353 328 airplane 0
323 308 343 308 343 329 323 329 airplane 0
295 300 312 300 312 315 295 315 airplane 0
287 254 309 254 309 275 287 275 airplane 0