0 458 9 458 9 481 0 481 airplane 0
42.00000000000001 451 54 451 54 467 42.00000000000001 467 airplane 0
49 404 60 404 60 416.99999999999994 49 416.99999999999994 airplane 0
0 383 15 383 15 402 0 402 airplane 0
0 353 20 353 20 379 0 379 airplane 0
57 330 70 330 70 346 57 346 airplane 0
63 281 75 281 75 298 63 298 airplane 0
6 312 27 312 27 328 6 328 airplane 0
69 222 83 222 83 239 69 239 airplane 0
83 175 99 175 99 191 83 191 airplane 0
126 182 147 182 147 206 126 206 airplane 0
175 127 199 127 199 151 175 151 airplane 0
179 103 196 103 196 118 179 118 airplane 0
223 109 240 109 240 124 223 124 airplane 0
183 157.99999999999997 204.00000000000003 157.99999999999997 204.00000000000003 182 183 182 airplane 0
303 95 329 95 329 114 303 114 airplane 0
300 61 315 61 315 76 300 76 airplane 0
288 48 305 48 305 63 288 63 airplane 0
270 29 288 29 288 49 270 49 airplane 0
237 3 255 3 255 25 237 25 airplane 0
479 32 495 32 495 52 479 52 airplane 0
459 40 474 40 474 61 459 61 airplane 0
418 62 434.00000000000006 62 434.00000000000006 80 418 80 airplane 0
407 73 419 73 419 88 407 88 airplane 0
400 88 411.00000000000006 88 411.00000000000006 103 400 103 airplane 0
386 105 406 105 406 124 386 124 airplane 0
384 149 401 149 401 163 384 163 airplane 0
382 172 398 172 398 188 382 188 airplane 0
379 198 394 198 394 210 379 210 airplane 0
376 229 390 229 390 241 376 241 airplane 0
372 254 386 254 386 267 372 267 airplane 0
301 127 319 127 319 141 301 141 airplane 0
301 148 317 148 317 162 301 162 airplane 0
296 170.99999999999997 318 170.99999999999997 318 189 296 189 airplane 0
287 337 302 337 302 352 287 352 airplane 0
271 387 293 387 293 411.00000000000006 271 411.00000000000006 airplane 0
273 413 289 413 289 426 273 426 airplane 0
270 434.00000000000006 288 434.00000000000006 288 446 270 446 airplane 0
219.99999999999997 381 242 381 242 404 219.99999999999997 404 airplane 0
182 429 195 429 195 444 182 444 airplane 0
253 545 275 545 275 564 253 564 airplane 0
257 522 281 522 281 542 257 542 airplane 0
338 550 354 550 354 566 338 566 airplane 0
341.99999999999994 524 356 524 356 540 341.99999999999994 540 airplane 0
424 542 439 542 439 560 424 560 airplane 0
501 557 521 557 521 580 501 580 airplane 0
401 443 416 443 416 455 401 455 airplane 0
370 356 387 356 387 370 370 370 airplane 0
350 373 363 373 363 387 350 387 airplane 0
346 419 368 419 368 438 346 438 airplane 0
378 431 387.99999999999994 431 387.99999999999994 445 378 445 airplane 0
443 265 462.99999999999994 265 462.99999999999994 283 443 283 airplane 0
482 293 495 293 495 308 482 308 airplane 0
468 168.00000000000003 482 168.00000000000003 482 181.00000000000003 468 181.00000000000003 airplane 0
500 165 520 165 520 191 500 191 airplane 0