0 418 51.00000000000001 418 51.00000000000001 504 0 504 airplane 0
86 543 134 543 134 589 86 589 airplane 0
125 514 170.99999999999997 514 170.99999999999997 559 125 559 airplane 0
90 424 160 424 160 503 90 503 airplane 0
160 413 221 413 221 472 160 472 airplane 0
119 348 170.99999999999997 348 170.99999999999997 406 119 406 airplane 0
170 298 215 298 215 338.99999999999994 170 338.99999999999994 airplane 0
180 344 236 344 236 402 180 402 airplane 0
218 359.00000000000006 287 359.00000000000006 287 423 218 423 airplane 0
264 318 343 318 343 397 264 397 airplane 0
210 293 272 293 272 357 210 357 airplane 0
234 238 275 238 275 278 234 278 airplane 0
264 252 336.00000000000006 252 336.00000000000006 312.99999999999994 264 312.99999999999994 airplane 0
363 224 431 224 431 306 363 306 airplane 0
412 193 468 193 468 254 412 254 airplane 0
346 185 390 185 390 217.00000000000003 346 217.00000000000003 airplane 0
304 173 346 173 346 199 304 199 airplane 0
307 214 364 214 364 262 307 262 airplane 0
348 140 378 140 378 162 348 162 airplane 0
376 119 404 119 404 143 376 143 airplane 0
393 96 435 96 435 121 393 121 airplane 0
394 145 439.99999999999994 145 439.99999999999994 175 394 175 airplane 0
458 144 515 144 515 204.00000000000003 458 204.00000000000003 airplane 0
509.00000000000006 127 549 127 549 161 509.00000000000006 161 airplane 0
437.00000000000006 54.99999999999999 483.00000000000006 54.99999999999999 483.00000000000006 95 437.00000000000006 95 airplane 0
471 9 531 9 531 56 471 56 airplane 0
505 0 556 0 556 24 505 24 airplane 0
560 20 587 20 587 44 560 44 airplane 0
491 72 555 72 555 128 491 128 airplane 0
554 80 578 80 578 103 554 103 airplane 0
548 48 582 48 582 78.99999999999999 548 78.99999999999999 airplane 0
553 0 582 0 582 9 553 9 airplane 0
281 202 310.00000000000006 202 310.00000000000006 223 281 223 airplane 0