0 491 15 491 15 510 0 510 airplane 0
24 525 38 525 38 540 24 540 airplane 0
34 421 47 421 47 435 34 435 airplane 0
49 410 63 410 63 426 49 426 airplane 0
17 428 30 428 30 446 17 446 airplane 0
157.99999999999997 354 175 354 175 368 157.99999999999997 368 airplane 0
257 352 271 352 271 364.99999999999994 257 364.99999999999994 airplane 0
82 270 96 270 96 282 82 282 airplane 0
128 255 140 255 140 272 128 272 airplane 0
188 291 202 291 202 306 188 306 airplane 0
538 277 552 277 552 290 538 290 airplane 0
500 259 514 259 514 273 500 273 airplane 0
412 210 432 210 432 227 412 227 airplane 0
422 185 436 185 436 198 422 198 airplane 0
411.00000000000006 177 423 177 423 189 411.00000000000006 189 airplane 0
379 169 393 169 393 187 379 187 airplane 0
359.00000000000006 166 375 166 375 185 359.00000000000006 185 airplane 0
322 144 335 144 335 159 322 159 airplane 0
283 125 304 125 304 147 283 147 airplane 0
267 108 288 108 288 130 267 130 airplane 0
242 98 264 98 264 120 242 120 airplane 0
231 78 254 78 254 103 231 103 airplane 0
198 77 217.00000000000003 77 217.00000000000003 95 198 95 airplane 0
175 52 187 52 187 65 175 65 airplane 0
66 198 78.99999999999999 198 78.99999999999999 212 66 212 airplane 0
64 168.00000000000003 76 168.00000000000003 76 179 64 179 airplane 0
127 161 138 161 138 173 127 173 airplane 0
124 136 138 136 138 150 124 150 airplane 0
138 119 151 119 151 133 138 133 airplane 0
151 129 162 129 162 144 151 144 airplane 0
169 100 180 100 180 112 169 112 airplane 0
130 65 141 65 141 78 130 78 airplane 0
70 37 85 37 85 54 70 54 airplane 0
86 59 102.00000000000001 59 102.00000000000001 72 86 72 airplane 0
116 227 131 227 131 242 116 242 airplane 0
237 282 251 282 251 296 237 296 airplane 0
248 288 262 288 262 302 248 302 airplane 0
376 373 385.00000000000006 373 385.00000000000006 390.99999999999994 376 390.99999999999994 airplane 0
303 318 312 318 312 329 303 329 airplane 0
330 330 337 330 337 343 330 343 airplane 0
347 335 357 335 357 349 347 349 airplane 0
370 338.99999999999994 379 338.99999999999994 379 349 370 349 airplane 0
389 355 400 355 400 368 389 368 airplane 0
130 221 145 221 145 232 130 232 airplane 0
457 381 464 381 464 390 457 390 airplane 0
488.99999999999994 397 496 397 496 405 488.99999999999994 405 airplane 0
416.99999999999994 373 426 373 426 384 416.99999999999994 384 airplane 0
459 360 464 360 464 367 459 367 airplane 0
465.99999999999994 363 474 363 474 372 465.99999999999994 372 airplane 0
474 367 483.00000000000006 367 483.00000000000006 374 474 374 airplane 0
481 374 491 374 491 380 481 380 airplane 0
507 382 517 382 517 390 507 390 airplane 0
533 393 541 393 541 401 533 401 airplane 0
550 404 556 404 556 413 550 413 airplane 0
555 410 565 410 565 416.99999999999994 555 416.99999999999994 airplane 0
338 332 351 332 351 346 338 346 airplane 0
437.00000000000006 392 446 392 446 400 437.00000000000006 400 airplane 0
447 393 456 393 456 402 447 402 airplane 0
456 400 462.99999999999994 400 462.99999999999994 407 456 407 airplane 0
474 409 482 409 482 416 474 416 airplane 0
485 413.99999999999994 488.99999999999994 413.99999999999994 488.99999999999994 421 485 421 airplane 0
517 387 524 387 524 393 517 393 airplane 0