536 315 573 315 573 361 536 361 airplane 0
548 461 590 461 590 504 548 504 airplane 0
477 390.99999999999994 512 390.99999999999994 512 442 477 442 airplane 0
437.00000000000006 390 471 390 471 419 437.00000000000006 419 airplane 0
379 315 413.99999999999994 315 413.99999999999994 363 379 363 airplane 0
314 362.00000000000006 346 362.00000000000006 346 397 314 397 airplane 0
314 251 343 251 343 278 314 278 airplane 0
276 232 309 232 309 263 276 263 airplane 0
242 210 273 210 273 243.00000000000003 242 243.00000000000003 airplane 0
177 170.99999999999997 210 170.99999999999997 210 208 177 208 airplane 0
142 154 175 154 175 188 142 188 airplane 0
236 280 267 280 267 312.99999999999994 236 312.99999999999994 airplane 0
114 215 147 215 147 247 114 247 airplane 0
221 364.99999999999994 254 364.99999999999994 254 399 221 399 airplane 0
192 347 224 347 224 382 192 382 airplane 0
161 328 192 328 192 362.00000000000006 161 362.00000000000006 airplane 0
130 312 162 312 162 349 130 349 airplane 0
39 262 70 262 70 300 39 300 airplane 0
9 245.99999999999997 41 245.99999999999997 41 283 9 283 airplane 0