1 450 38 450 38 488 1 488 airplane 0
41 432 62 432 62 459 41 459 airplane 0
70 410 102.00000000000001 410 102.00000000000001 453 70 453 airplane 0
109 406 133 406 133 430 109 430 airplane 0
63 336.00000000000006 101 336.00000000000006 101 378 63 378 airplane 0
104 323 138 323 138 355 104 355 airplane 0
135 378 169 378 169 420 135 420 airplane 0
173 360 200 360 200 397 173 397 airplane 0
228 381 250 381 250 401 228 401 airplane 0
240 399 264 399 264 422 240 422 airplane 0
157 520 179 520 179 542 157 542 airplane 0
137 526 157.99999999999997 526 157.99999999999997 541 137 541 airplane 0
117 540 153 540 153 562 117 562 airplane 0
121 565 150 565 150 586 121 586 airplane 0
185 585 212 585 212 599 185 599 airplane 0
292 567 306 567 306 583 292 583 airplane 0
324 532 343 532 343 546 324 546 airplane 0
360 510 390 510 390 541 360 541 airplane 0
379 560 397 560 397 576 379 576 airplane 0
420 524 464 524 464 560 420 560 airplane 0
399 488 438 488 438 521 399 521 airplane 0
436 486.00000000000006 455 486.00000000000006 455 510 436 510 airplane 0
457 477 482 477 482 495 457 495 airplane 0
444 430 473 430 473 451 444 451 airplane 0
437.00000000000006 411.00000000000006 461 411.00000000000006 461 427 437.00000000000006 427 airplane 0
434.00000000000006 386 455 386 455 406 434.00000000000006 406 airplane 0
506 381 535 381 535 409 506 409 airplane 0
534 416 565 416 565 450 534 450 airplane 0
573 435 595 435 595 459 573 459 airplane 0
589 375 599 375 599 395 589 395 airplane 0
538 306 558 306 558 328 538 328 airplane 0
584 288 599 288 599 309 584 309 airplane 0
587 214 599 214 599 235 587 235 airplane 0
474 253 490 253 490 270 474 270 airplane 0
494 237 516 237 516 262 494 262 airplane 0
444 189 468 189 468 214 444 214 airplane 0
532 177 552 177 552 195 532 195 airplane 0
231 563 250 563 250 581 231 581 airplane 0
170.99999999999997 138 199 138 199 160 170.99999999999997 160 airplane 0
139 1 163 1 163 12 139 12 airplane 0
184 7 215 7 215 28 184 28 airplane 0
200 38 239 38 239 70 200 70 airplane 0
235 103 276 103 276 138 235 138 airplane 0
267 155.00000000000003 291 155.00000000000003 291 174 267 174 airplane 0
303 109.99999999999999 329 109.99999999999999 329 134 303 134 airplane 0
451 43 472 43 472 69 451 69 airplane 0
465 59 488.99999999999994 59 488.99999999999994 83 465 83 airplane 0
468 103 494 103 494 124 468 124 airplane 0
402 151 429 151 429 170 402 170 airplane 0
546 133 577 133 577 160 546 160 airplane 0
311 488.99999999999994 323 488.99999999999994 323 503 311 503 airplane 0
318 558 331 558 331 573 318 573 airplane 0
328 547 352 547 352 565 328 565 airplane 0
307 502 328 502 328 518 307 518 airplane 0