474 124 510 124 510 154 474 154 airplane 0
470 187 501 187 501 230.00000000000003 470 230.00000000000003 airplane 0
351 276 393 276 393 309 351 309 airplane 0
345 321 382 321 382 362.00000000000006 345 362.00000000000006 airplane 0
279 332 308 332 308 368 279 368 airplane 0
304 193.99999999999997 336.00000000000006 193.99999999999997 336.00000000000006 229 304 229 airplane 0
215 323 244 323 244 358 215 358 airplane 0
143 300 176 300 176 331 143 331 airplane 0
157.99999999999997 206 193.99999999999997 206 193.99999999999997 239 157.99999999999997 239 airplane 0
153 156 185 156 185 186 153 186 airplane 0
115.00000000000001 34 144 34 144 66 115.00000000000001 66 airplane 0
65 120 98 120 98 162 65 162 airplane 0
1 177 35 177 35 208 1 208 airplane 0
1 298 14 298 14 330 1 330 airplane 0