477 94 509.00000000000006 94 509.00000000000006 124 477 124 airplane 0
424 80 456 80 456 109 424 109 airplane 0
219 310.00000000000006 247 310.00000000000006 247 338 219 338 airplane 0
85 198 108 198 108 223 85 223 airplane 0
146 199 166 199 166 223 146 223 airplane 0
136 392 156 392 156 411.00000000000006 136 411.00000000000006 airplane 0
160 436 182 436 182 457 160 457 airplane 0
47 138 64 138 64 154 47 154 airplane 0
96.99999999999999 513 109.99999999999999 513 109.99999999999999 526 96.99999999999999 526 airplane 0
122 453 140 453 140 467 122 467 airplane 0
87 551 96.99999999999999 551 96.99999999999999 560 87 560 airplane 0
83 524 93 524 93 532 83 532 airplane 0
63 547 72 547 72 556 63 556 airplane 0
76 531 85 531 85 540 76 540 airplane 0
69 540 76 540 76 545 69 545 airplane 0
183 258 195 258 195 269 183 269 airplane 0
141 235 154 235 154 250 141 250 airplane 0
54 115.00000000000001 74 115.00000000000001 74 134 54 134 airplane 0
82 484 93 484 93 497 82 497 airplane 0
61 459 75 459 75 476 61 476 airplane 0
70 100 87 100 87 114 70 114 airplane 0
96.99999999999999 159 108 159 108 170.99999999999997 96.99999999999999 170.99999999999997 airplane 0