341.99999999999994 241 384 241 384 279 341.99999999999994 279 airplane 0
152 285 179 285 179 310.00000000000006 152 310.00000000000006 airplane 0
149 256 176 256 176 281 149 281 airplane 0
211 412 235 412 235 444 211 444 airplane 0
248 413.99999999999994 273 413.99999999999994 273 443 248 443 airplane 0
324 421 346 421 346 448 324 448 airplane 0
358 416.99999999999994 381 416.99999999999994 381 445 358 445 airplane 0
387 418 407 418 407 442 387 442 airplane 0
542 345 574 345 574 370 542 370 airplane 0
240 312.99999999999994 273 312.99999999999994 273 336.00000000000006 240 336.00000000000006 airplane 0
238 276 273 276 273 295 238 295 airplane 0