26 338 41 338 41 352 26 352 airplane 0
136 304 153 304 153 323 136 323 airplane 0
173 303 188 303 188 319 173 319 airplane 0
232 305 243.00000000000003 305 243.00000000000003 315.99999999999994 232 315.99999999999994 airplane 0
248 305 258 305 258 315.99999999999994 248 315.99999999999994 airplane 0
290 335 311 335 311 357 290 357 airplane 0
319 333.00000000000006 329 333.00000000000006 329 344 319 344 airplane 0
308 291 325 291 325 312 308 312 airplane 0
410 291 434.00000000000006 291 434.00000000000006 315 410 315 airplane 0
437.00000000000006 290 460.00000000000006 290 460.00000000000006 315 437.00000000000006 315 airplane 0
462 289 483.00000000000006 289 483.00000000000006 314 462 314 airplane 0
486.00000000000006 288 510 288 510 312.99999999999994 486.00000000000006 312.99999999999994 airplane 0
512 288 536 288 536 310.00000000000006 512 310.00000000000006 airplane 0