62 427 107 427 107 473 62 473 airplane 0
84.00000000000001 57 125 57 125 104 84.00000000000001 104 airplane 0
164 147 208 147 208 183 164 183 airplane 0
177 191 229 191 229 240 177 240 airplane 0
183 311 235 311 235 359.00000000000006 183 359.00000000000006 airplane 0
183 366 232 366 232 411.00000000000006 183 411.00000000000006 airplane 0
180 508 232.99999999999997 508 232.99999999999997 556 180 556 airplane 0
181.00000000000003 562 236 562 236 599 181.00000000000003 599 airplane 0
494 534 535 534 535 579 494 579 airplane 0
519 35 557 35 557 78 519 78 airplane 0
423 107 465 107 465 147 423 147 airplane 0
392 150 437.00000000000006 150 437.00000000000006 193 392 193 airplane 0
369 195 421 195 421 240 369 240 airplane 0
363 312 416 312 416 358 363 358 airplane 0
362.00000000000006 370 413.99999999999994 370 413.99999999999994 416.99999999999994 362.00000000000006 416.99999999999994 airplane 0
387.99999999999994 453 415 453 415 482 387.99999999999994 482 airplane 0
386 592 418 592 418 599 386 599 airplane 0