346 208 364.99999999999994 208 364.99999999999994 225 346 225 airplane 0
325 283 344 283 344 308 325 308 airplane 0
179 338.99999999999994 199 338.99999999999994 199 366 179 366 airplane 0
186 425 204.00000000000003 425 204.00000000000003 448 186 448 airplane 0
83 364.99999999999994 96.99999999999999 364.99999999999994 96.99999999999999 384 83 384 airplane 0
42.00000000000001 337 61 337 61 359.00000000000006 42.00000000000001 359.00000000000006 airplane 0
25 325 44 325 44 347 25 347 airplane 0
7 314 28 314 28 336.00000000000006 7 336.00000000000006 airplane 0
48 1 73 1 73 6 48 6 airplane 0
46 58 65 58 65 81 46 81 airplane 0
56 78.99999999999999 78 78.99999999999999 78 99 56 99 airplane 0
0 161 7 161 7 183 0 183 airplane 0
16 188 28 188 28 205 16 205 airplane 0
29 179 47 179 47 202 29 202 airplane 0
102.00000000000001 139 120 139 120 157 102.00000000000001 157 airplane 0
115.00000000000001 153 138 153 138 173 115.00000000000001 173 airplane 0
132 206 156 206 156 226 132 226 airplane 0
138 271 156 271 156 294 138 294 airplane 0
272 176 293 176 293 203 272 203 airplane 0
179 263 196 263 196 281 179 281 airplane 0
487 205 503 205 503 223 487 223 airplane 0
485 577 509.00000000000006 577 509.00000000000006 599 485 599 airplane 0
506 591 527 591 527 599 506 599 airplane 0