406 113 420 113 420 127 406 127 airplane 0
212 129 224 129 224 144 212 144 airplane 0
389 187 400 187 400 200 389 200 airplane 0
367 232 387 232 387 251 367 251 airplane 0
372 255 392 255 392 276 372 276 airplane 0
401 302 416 302 416 317 401 317 airplane 0
439 335 456 335 456 355 439 355 airplane 0
421 370 436 370 436 387 421 387 airplane 0
435 386 453 386 453 406 435 406 airplane 0
324 435 340 435 340 453 324 453 airplane 0
538 40 554 40 554 59 538 59 airplane 0
511 556 527 556 527 575 511 575 airplane 0
281 53 292 53 292 68 281 68 airplane 0
304 51.00000000000001 324 51.00000000000001 324 74 304 74 airplane 0