369 516 389 516 389 532 369 532 airplane 0
364.99999999999994 491.99999999999994 394 491.99999999999994 394 512 364.99999999999994 512 airplane 0
364 467 389 467 389 487 364 487 airplane 0
590 455 600 455 600 477 590 477 airplane 0
345 119 374 119 374 141 345 141 airplane 0
340 283 364 283 364 302 340 302 airplane 0
346 325 374 325 374 350 346 350 airplane 0
165 529 193.99999999999997 529 193.99999999999997 551 165 551 airplane 0
163 482 186 482 186 500 163 500 airplane 0
157.99999999999997 462 186 462 186 482 157.99999999999997 482 airplane 0
153 422 183 422 183 445 153 445 airplane 0
149 380 177 380 177 401 149 401 airplane 0
145 353 172 353 172 379 145 379 airplane 0
147 332 167 332 167 350 147 350 airplane 0
152 199 174 199 174 219.99999999999997 152 219.99999999999997 airplane 0
196 108 224 108 224 130 196 130 airplane 0