0 395 9 395 9 415 0 415 airplane 0
86 406 104 406 104 421 86 421 airplane 0
78 577 96.99999999999999 577 96.99999999999999 595 78 595 airplane 0
223 588 240 588 240 600 223 600 airplane 0
255 569 276 569 276 584 255 584 airplane 0
310.00000000000006 593 334 593 334 599 310.00000000000006 599 airplane 0
366 560 397 560 397 594 366 594 airplane 0
128 435 143 435 143 454 128 454 airplane 0
134 402 149 402 149 419 134 419 airplane 0
534 376 550 376 550 399 534 399 airplane 0
186 445 208 445 208 462 186 462 airplane 0
188 426 213 426 213 443 188 443 airplane 0
198 409 217.00000000000003 409 217.00000000000003 424 198 424 airplane 0
213 402 228 402 228 416 213 416 airplane 0
226 465 243.00000000000003 465 243.00000000000003 484 226 484 airplane 0
267 464 286 464 286 485 267 485 airplane 0
332 476 350 476 350 497 332 497 airplane 0
352 472 364 472 364 487 352 487 airplane 0
360 434.00000000000006 380 434.00000000000006 380 452 360 452 airplane 0
347 415 368 415 368 436 347 436 airplane 0
306 382 336.00000000000006 382 336.00000000000006 404 306 404 airplane 0
311 354 334 354 334 375 311 375 airplane 0
315.99999999999994 296 360 296 360 334 315.99999999999994 334 airplane 0
319 268 357 268 357 296 319 296 airplane 0
364.99999999999994 280 399 280 399 317 364.99999999999994 317 airplane 0
121 122.99999999999999 141 122.99999999999999 141 153 121 153 airplane 0
221 180 241 180 241 196 221 196 airplane 0
174 192 190 192 190 203 174 203 airplane 0
231 137 260 137 260 165 231 165 airplane 0
279 134 301 134 301 162 279 162 airplane 0
258 133 274 133 274 157 258 157 airplane 0
344 216 364.99999999999994 216 364.99999999999994 244 344 244 airplane 0
331 141 362.00000000000006 141 362.00000000000006 175 331 175 airplane 0
363 143 382 143 382 172 363 172 airplane 0
353 44 375 44 375 62 353 62 airplane 0