453 297 471 297 471 318 453 318 airplane 0
438 269 456 269 456 293 438 293 airplane 0
392 228 415 228 415 252 392 252 airplane 0
341.99999999999994 225 363 225 363 254 341.99999999999994 254 airplane 0
308 321 325 321 325 350 308 350 airplane 0
258 138 279 138 279 157.99999999999997 258 157.99999999999997 airplane 0
215 81 238 81 238 102.00000000000001 215 102.00000000000001 airplane 0
218 406 240 406 240 424 218 424 airplane 0
235 434.00000000000006 256 434.00000000000006 256 453 235 453 airplane 0
177 488.99999999999994 201 488.99999999999994 201 510 177 510 airplane 0
141 538 163 538 163 558 141 558 airplane 0
85 574 109 574 109 593 85 593 airplane 0
163 468 186 468 186 491 163 491 airplane 0
151 449 173 449 173 470 151 470 airplane 0
131 516 150 516 150 537 131 537 airplane 0
253 462 276 462 276 484 253 484 airplane 0