87 251 101 251 101 270 87 270 airplane 0
179 279 193.99999999999997 279 193.99999999999997 294 179 294 airplane 0
151 269 166 269 166 290 151 290 airplane 0
234 288 249 288 249 303 234 303 airplane 0
248 291 262 291 262 307 248 307 airplane 0
344 310.00000000000006 359.00000000000006 310.00000000000006 359.00000000000006 327 344 327 airplane 0
330 307 345 307 345 322 330 322 airplane 0
315 303 329 303 329 320 315 320 airplane 0
303 302 315 302 315 318 303 318 airplane 0
289 297 301 297 301 314 289 314 airplane 0
276 292 287 292 287 314 276 314 airplane 0
263 294 274 294 274 309 263 309 airplane 0