586 501 600 501 600 519 586 519 airplane 0
580 450 592 450 592 465 580 465 airplane 0
569 370 583 370 583 387 569 387 airplane 0
564 315.99999999999994 576 315.99999999999994 576 334 564 334 airplane 0
555 251 571 251 571 269 555 269 airplane 0
538 200 555 200 555 217.00000000000003 538 217.00000000000003 airplane 0
485 206.99999999999997 508 206.99999999999997 508 232.99999999999997 485 232.99999999999997 airplane 0
429 147 455 147 455 173 429 173 airplane 0
431 121 450 121 450 138 431 138 airplane 0
383 127 401 127 401 143 383 143 airplane 0
423 181.00000000000003 445 181.00000000000003 445 206.99999999999997 423 206.99999999999997 airplane 0
285 111 314 111 314 133 285 133 airplane 0
301 75 317 75 317 91 301 91 airplane 0
311 61 331 61 331 78 311 78 airplane 0
330 40 350 40 350 61 330 61 airplane 0
366 12 386 12 386 36 366 36 airplane 0
104 43 122 43 122 65 104 65 airplane 0
126 51.00000000000001 143 51.00000000000001 143 74 126 74 airplane 0
170.99999999999997 76 188 76 188 96 170.99999999999997 96 airplane 0
186 88 200 88 200 105 186 105 airplane 0
195 105 208 105 208 121 195 121 airplane 0
201 122.99999999999999 223 122.99999999999999 223 144 201 144 airplane 0
206.99999999999997 172 225 172 225 187 206.99999999999997 187 airplane 0
210 197 227 197 227 214 210 214 airplane 0
214 225 231 225 231 237 214 237 airplane 0
218 259 234 259 234 272 218 272 airplane 0
223 286 239 286 239 300 223 300 airplane 0
296 147 315.99999999999994 147 315.99999999999994 163 296 163 airplane 0
299 170.99999999999997 315.99999999999994 170.99999999999997 315.99999999999994 186 299 186 airplane 0
298 195 322 195 322 215 298 215 airplane 0
315 377 332 377 332 393 315 393 airplane 0
325 432 349 432 349 458 325 458 airplane 0
330 460.00000000000006 347 460.00000000000006 347 474 330 474 airplane 0
330 483.00000000000006 350 483.00000000000006 350 497 330 497 airplane 0
381 425 405 425 405 450 381 450 airplane 0
432 478 447 478 447 495 432 495 airplane 0
337 578 364.99999999999994 578 364.99999999999994 600 337 600 airplane 0
256 582 272 582 272 599 256 599 airplane 0
190 493 206.99999999999997 493 206.99999999999997 506 190 506 airplane 0
221 398 241 398 241 413 221 413 airplane 0
248 416 263 416 263 432 248 432 airplane 0
243.00000000000003 467 267 467 267 488 243.00000000000003 488 airplane 0
219.99999999999997 480 232 480 232 496 219.99999999999997 496 airplane 0
139 298 160 298 160 318 139 318 airplane 0
104 329 119 329 119 346 104 346 airplane 0
118 192 133 192 133 206 118 206 airplane 0
76 189 98 189 98 217.00000000000003 76 217.00000000000003 airplane 0