522 53 557 53 557 85 522 85 airplane 0
520 29 538 29 538 46 520 46 airplane 0
541 168.00000000000003 560 168.00000000000003 560 185 541 185 airplane 0
505 156 520 156 520 175 505 175 airplane 0
442 185 458 185 458 201 442 201 airplane 0
407 185 423 185 423 202 407 202 airplane 0
187 208 213 208 213 235 187 235 airplane 0
149 213 179 213 179 241 149 241 airplane 0
107 213 137 213 137 242 107 242 airplane 0
63 234 78.99999999999999 234 78.99999999999999 254 63 254 airplane 0
37 237 54.99999999999999 237 54.99999999999999 255 37 255 airplane 0