483.00000000000006 148 501 148 501 166 483.00000000000006 166 airplane 0
410 214 425 214 425 228 410 228 airplane 0
268 211 285 211 285 228 268 228 airplane 0
394 146 415 146 415 168.00000000000003 394 168.00000000000003 airplane 0
395 126 413 126 413 146 395 146 airplane 0
434.00000000000006 119 451 119 451 134 434.00000000000006 134 airplane 0
522 264 538 264 538 278 522 278 airplane 0
458 368 472 368 472 385.00000000000006 458 385.00000000000006 airplane 0
523 213 541 213 541 228 523 228 airplane 0
459 216 470 216 470 225 459 225 airplane 0
564 132 580 132 580 147 564 147 airplane 0
133 155.00000000000003 146 155.00000000000003 146 170.99999999999997 133 170.99999999999997 airplane 0
451 444 464 444 464 464 451 464 airplane 0
568 444 584 444 584 464 568 464 airplane 0
509.00000000000006 498 525 498 525 520 509.00000000000006 520 airplane 0
4 183 17 183 17 196 4 196 airplane 0
88 155.00000000000003 98 155.00000000000003 98 170.99999999999997 88 170.99999999999997 airplane 0
35 143 47 143 47 157 35 157 airplane 0
226 9 237 9 237 23 226 23 airplane 0
398 14 413.99999999999994 14 413.99999999999994 32 398 32 airplane 0
550 67 568 67 568 84.00000000000001 550 84.00000000000001 airplane 0
80 107 93 107 93 121 80 121 airplane 0
118 113 135 113 135 128 118 128 airplane 0
104 154 116 154 116 170 104 170 airplane 0
119 131 135 131 135 145 119 145 airplane 0
117 146 129 146 129 160 117 160 airplane 0
1 141 10 141 10 160 1 160 airplane 0
17 154 31 154 31 168.00000000000003 17 168.00000000000003 airplane 0
117 13 131 13 131 26 117 26 airplane 0
116 0 131 0 131 10 116 10 airplane 0
161 0 182 0 182 11 161 11 airplane 0
199 0 219.99999999999997 0 219.99999999999997 8 199 8 airplane 0
436 0 455 0 455 10 436 10 airplane 0
78 124 94 124 94 138 78 138 airplane 0
1 124 10 124 10 138 1 138 airplane 0
446 468 462 468 462 488 446 488 airplane 0