179 54.99999999999999 212 54.99999999999999 212 90 179 90 airplane 0
177 83 218 83 218 121 177 121 airplane 0
24 306 56 306 56 334 24 334 airplane 0
1 309 13 309 13 341.99999999999994 1 341.99999999999994 airplane 0
5 500 37 500 37 529 5 529 airplane 0
112 479 145 479 145 515 112 515 airplane 0
99 539 135 539 135 579 99 579 airplane 0
432 465.99999999999994 460.00000000000006 465.99999999999994 460.00000000000006 498 432 498 airplane 0
399 465 430 465 430 495 399 495 airplane 0
488 579 526 579 526 599 488 599 airplane 0
569 60 599 60 599 109.99999999999999 569 109.99999999999999 airplane 0
293 524 329 524 329 553 293 553 airplane 0