115.00000000000001 255 144 255 144 287 115.00000000000001 287 airplane 0
146 240 179 240 179 278 146 278 airplane 0
179 224 219 224 219 273 179 273 airplane 0
212 215 242 215 242 247 212 247 airplane 0
271 195 301 195 301 227 271 227 airplane 0
182 152 218 152 218 188 182 188 airplane 0
218 145 244 145 244 177 218 177 airplane 0
241 129 269 129 269 163 241 163 airplane 0
374 149 407 149 407 187 374 187 airplane 0
402 142 432 142 432 176 402 176 airplane 0
516 65 546 65 546 96 516 96 airplane 0
548 52 579 52 579 84.00000000000001 548 84.00000000000001 airplane 0
579 39 599 39 599 68 579 68 airplane 0