122 336.00000000000006 154 336.00000000000006 154 361 122 361 airplane 0
117 250 137 250 137 271 117 271 airplane 0
288 214 301 214 301 234 288 234 airplane 0
340 218 354 218 354 239 340 239 airplane 0
31 184 65 184 65 221 31 221 airplane 0
265 32 284 32 284 54 265 54 airplane 0
37 90 53 90 53 120 37 120 airplane 0
176 480 193.99999999999997 480 193.99999999999997 500 176 500 airplane 0
183 533 206 533 206 553 183 553 airplane 0
196 509.00000000000006 217.00000000000003 509.00000000000006 217.00000000000003 529 196 529 airplane 0
148 433 170 433 170 454 148 454 airplane 0
243.00000000000003 160 260 160 260 179 243.00000000000003 179 airplane 0