491 64 524 64 524 92 491 92 airplane 0
392 197 411.00000000000006 197 411.00000000000006 213 392 213 airplane 0
575 304 600 304 600 332 575 332 airplane 0
427 456 450 456 450 484 427 484 airplane 0
457 565 484 565 484 591 457 591 airplane 0
424 577 455 577 455 599 424 599 airplane 0
379 580 406 580 406 599 379 599 airplane 0
92 272 106 272 106 293 92 293 airplane 0
66 419 96 419 96 446 66 446 airplane 0
54 392 84.00000000000001 392 84.00000000000001 418 54 418 airplane 0
431 534 456 534 456 559 431 559 airplane 0
355 498 382 498 382 524 355 524 airplane 0
328 484 354 484 354 513 328 513 airplane 0
331 349 359.00000000000006 349 359.00000000000006 379 331 379 airplane 0
304 470 331 470 331 498 304 498 airplane 0
317 550 343 550 343 578 317 578 airplane 0
287 534 312.99999999999994 534 312.99999999999994 562 287 562 airplane 0
175 464 201 464 201 490 175 490 airplane 0
326 379 341 379 341 394 326 394 airplane 0
309 405 327 405 327 422 309 422 airplane 0
281 309 306 309 306 334 281 334 airplane 0
1 503 19 503 19 530 1 530 airplane 0
263 523 280 523 280 538 263 538 airplane 0
275 343 290 343 290 360 275 360 airplane 0
390.99999999999994 398 406 398 406 413 390.99999999999994 413 airplane 0
203 526 218 526 218 543 203 543 airplane 0
175 538 193.99999999999997 538 193.99999999999997 552 175 552 airplane 0
86 502 106 502 106 521 86 521 airplane 0
59 504 85 504 85 532 59 532 airplane 0
33 514 56 514 56 542 33 542 airplane 0
62 568 78.99999999999999 568 78.99999999999999 594 62 594 airplane 0