547 208 583 208 583 245.99999999999997 547 245.99999999999997 airplane 0
530 370 555 370 555 397 530 397 airplane 0
539 326 559 326 559 357 539 357 airplane 0
563 321 591 321 591 348 563 348 airplane 0
462 327 499 327 499 367 462 367 airplane 0
366 334 401 334 401 381 366 381 airplane 0
344 347 364.99999999999994 347 364.99999999999994 374 344 374 airplane 0
433 465.99999999999994 465 465.99999999999994 465 506 433 506 airplane 0
409 477 429 477 429 503 409 503 airplane 0
277 480 309 480 309 525 277 525 airplane 0
92 556 119 556 119 579 92 579 airplane 0
209 350 240 350 240 394 209 394 airplane 0
182 359.00000000000006 201 359.00000000000006 201 386 182 386 airplane 0
1 372 28 372 28 424 1 424 airplane 0
44 257 80 257 80 294 44 294 airplane 0
179 249 202 249 202 275 179 275 airplane 0
206 237 245 237 245 280 206 280 airplane 0
252 235 290 235 290 274 252 274 airplane 0
295 245.99999999999997 322 245.99999999999997 322 268 295 268 airplane 0
340 240 362.00000000000006 240 362.00000000000006 266 340 266 airplane 0
361 228 386 228 386 256 361 256 airplane 0