116 306 136 306 136 327 116 327 airplane 0
136 306 155.00000000000003 306 155.00000000000003 326 136 326 airplane 0
196 256 214 256 214 274 196 274 airplane 0
197 307 212 307 212 326 197 326 airplane 0
214 308 232 308 232 325 214 325 airplane 0
362.00000000000006 407 374 407 374 419 362.00000000000006 419 airplane 0
384 407 399 407 399 420 384 420 airplane 0
404 408.00000000000006 416.99999999999994 408.00000000000006 416.99999999999994 422 404 422 airplane 0
435 409 454 409 454 430 435 430 airplane 0
454 402 473 402 473 423 454 423 airplane 0
347 309 364 309 364 328 347 328 airplane 0
295 250 309 250 309 266 295 266 airplane 0
314 254 328 254 328 274 314 274 airplane 0
510 143 527 143 527 159 510 159 airplane 0
553 205 568 205 568 218 553 218 airplane 0
61 105 77 105 77 127 61 127 airplane 0
138 106 157 106 157 125 138 125 airplane 0
217.00000000000003 106 237 106 237 127 217.00000000000003 127 airplane 0
302 105 317 105 317 125 302 125 airplane 0
318 106 334 106 334 125 318 125 airplane 0
337 106 356 106 356 129 337 129 airplane 0
381 109.99999999999999 395 109.99999999999999 395 125 381 125 airplane 0
401 111 412 111 412 122.99999999999999 401 122.99999999999999 airplane 0
428 109.99999999999999 441 109.99999999999999 441 122 428 122 airplane 0
446 112 460.00000000000006 112 460.00000000000006 125 446 125 airplane 0
462 112 472 112 472 124 462 124 airplane 0
476 111 486.00000000000006 111 486.00000000000006 125 476 125 airplane 0
500 112 511 112 511 125 500 125 airplane 0
526 114 538 114 538 127 526 127 airplane 0
543 114 554 114 554 129 543 129 airplane 0
557 113 569 113 569 125 557 125 airplane 0
571 114 585 114 585 127 571 127 airplane 0
141 37 160 37 160 57 141 57 airplane 0
162 38 179 38 179 57 162 57 airplane 0
183 37 199 37 199 54.99999999999999 183 54.99999999999999 airplane 0
206.99999999999997 35 236 35 236 60 206.99999999999997 60 airplane 0
243.00000000000003 45 259 45 259 62 243.00000000000003 62 airplane 0
307 36 327 36 327 64 307 64 airplane 0
336.00000000000006 34 357 34 357 64 336.00000000000006 64 airplane 0
360 39 376 39 376 58 360 58 airplane 0
382 40 401 40 401 56 382 56 airplane 0
404 10 418 10 418 26 404 26 airplane 0
418 43 430 43 430 58 418 58 airplane 0
431 44 443 44 443 59 431 59 airplane 0
490 43 504 43 504 58 490 58 airplane 0
504 24 518 24 518 39 504 39 airplane 0
513 51.00000000000001 525 51.00000000000001 525 67 513 67 airplane 0
527 52 536 52 536 66 527 66 airplane 0
544 23 554 23 554 39 544 39 airplane 0
518 24 529 24 529 39 518 39 airplane 0
530 26 541 26 541 40 530 40 airplane 0
555 23 567 23 567 40 555 40 airplane 0
569 25 579 25 579 39 569 39 airplane 0
587 51.00000000000001 598 51.00000000000001 598 64 587 64 airplane 0
585 43 599 43 599 53 585 53 airplane 0
573 53 587 53 587 68 573 68 airplane 0
579 26 594 26 594 42.00000000000001 579 42.00000000000001 airplane 0
560 54 575 54 575 69 560 69 airplane 0