44 2 65 2 65 20 44 20 airplane 0
244 206.99999999999997 260 206.99999999999997 260 218 244 218 airplane 0
245 234 265 234 265 248 245 248 airplane 0
247 248 265 248 265 260 247 260 airplane 0
244 262 265 262 265 274 244 274 airplane 0
245.99999999999997 275 266 275 266 287 245.99999999999997 287 airplane 0
275 243.00000000000003 293 243.00000000000003 293 258 275 258 airplane 0
278 257 298 257 298 272 278 272 airplane 0
279 271 297 271 297 283 279 283 airplane 0
279 312.99999999999994 295 312.99999999999994 295 327 279 327 airplane 0
260 315.99999999999994 276 315.99999999999994 276 330 260 330 airplane 0
306 310.00000000000006 320 310.00000000000006 320 322 306 322 airplane 0
308 336.00000000000006 320 336.00000000000006 320 346 308 346 airplane 0
311 358 322 358 322 369 311 369 airplane 0