0 101 9 101 9 122.99999999999999 0 122.99999999999999 airplane 0
86 103 106 103 106 122 86 122 airplane 0
86 127 108 127 108 148 86 148 airplane 0
86 157 108 157 108 175 86 175 airplane 0
83 178 101 178 101 195 83 195 airplane 0
86 200 106 200 106 218 86 218 airplane 0
88 222 107 222 107 240 88 240 airplane 0
88 245 105 245 105 264 88 264 airplane 0
0 14 19 14 19 35 0 35 airplane 0
88 284 112 284 112 300 88 300 airplane 0
89 302 111 302 111 321 89 321 airplane 0
86 18 108 18 108 36 86 36 airplane 0
85 325 106 325 106 341.99999999999994 85 341.99999999999994 airplane 0
90 348 106 348 106 361 90 361 airplane 0
89 367 109.99999999999999 367 109.99999999999999 382 89 382 airplane 0
193 367 219.99999999999997 367 219.99999999999997 389 193 389 airplane 0
91 387 112 387 112 402 91 402 airplane 0
87 413 107 413 107 431 87 431 airplane 0
88 433 112 433 112 453 88 453 airplane 0
0 437.00000000000006 17 437.00000000000006 17 458 0 458 airplane 0
88 457 108 457 108 475 88 475 airplane 0
90 476 109.99999999999999 476 109.99999999999999 496 90 496 airplane 0
0 477 18 477 18 501 0 501 airplane 0
0 35 20 35 20 54.99999999999999 0 54.99999999999999 airplane 0
2 501 24 501 24 521 2 521 airplane 0
87 506 108 506 108 530 87 530 airplane 0
0 521 22 521 22 544 0 544 airplane 0
95 528 113 528 113 548 95 548 airplane 0
1 543 24 543 24 565 1 565 airplane 0
96.99999999999999 571 112 571 112 588 96.99999999999999 588 airplane 0
89 47 107 47 107 62 89 62 airplane 0
0 54.99999999999999 22 54.99999999999999 22 82 0 82 airplane 0
87 77 105 77 105 92 87 92 airplane 0