0 182 25 182 25 218 0 218 airplane 0
48 168.00000000000003 77 168.00000000000003 77 205 48 205 airplane 0
259 157.99999999999997 289 157.99999999999997 289 192 259 192 airplane 0
298 169 328 169 328 202 298 202 airplane 0
399 206 427 206 427 241 399 241 airplane 0
445 231 472 231 472 263 445 263 airplane 0
526 301 554 301 554 327 526 327 airplane 0
549 335 574 335 574 359.00000000000006 549 359.00000000000006 airplane 0
570 358 599 358 599 384 570 384 airplane 0
40 36 65 36 65 69 40 69 airplane 0
104 40 133 40 133 73 104 73 airplane 0
139 41 168.00000000000003 41 168.00000000000003 73 139 73 airplane 0
244 43 276 43 276 76 244 76 airplane 0
493 47 520 47 520 82 493 82 airplane 0
580 170.99999999999997 599 170.99999999999997 599 202 580 202 airplane 0