118 299 143 299 143 326 118 326 airplane 0
144 286 173 286 173 318 144 318 airplane 0
173 273 206.99999999999997 273 206.99999999999997 314 173 314 airplane 0
201 264 228 264 228 292 201 292 airplane 0
252 247 279 247 279 275 252 275 airplane 0
176 211 206.99999999999997 211 206.99999999999997 241 176 241 airplane 0
206 204.00000000000003 229 204.00000000000003 229 232 206 232 airplane 0
227 190 251 190 251 219.99999999999997 227 219.99999999999997 airplane 0
341 206.99999999999997 369 206.99999999999997 369 240 341 240 airplane 0
364.99999999999994 201 392 201 392 231 364.99999999999994 231 airplane 0
464 135 488.99999999999994 135 488.99999999999994 162 464 162 airplane 0
491 124 518 124 518 152 491 152 airplane 0
518 113 545 113 545 137 518 137 airplane 0
547 100 576 100 576 125 547 125 airplane 0