68 109 99 109 99 138 68 138 airplane 0
120 95 151 95 151 124 120 124 airplane 0
325 320 351 320 351 347 325 347 airplane 0
460.00000000000006 210 482 210 482 234 460.00000000000006 234 airplane 0
404 211 423 211 423 235 404 235 airplane 0
413.99999999999994 400 433 400 433 419 413.99999999999994 419 airplane 0
387.99999999999994 444 409 444 409 464 387.99999999999994 464 airplane 0
503 151 520 151 520 167 503 167 airplane 0
458 518 471 518 471 531 458 531 airplane 0
429 460.00000000000006 447 460.00000000000006 447 473 429 473 airplane 0
471 556 481 556 481 565 471 565 airplane 0
475 529 485 529 485 537 475 537 airplane 0
496 551 505 551 505 560 496 560 airplane 0
482 536 491 536 491 545 482 545 airplane 0
491 544 498 544 498 550 491 550 airplane 0
375 269 387 269 387 280 375 280 airplane 0
413.99999999999994 247 428 247 428 261 413.99999999999994 261 airplane 0
494 129 513 129 513 148 494 148 airplane 0
475 490 486.00000000000006 490 486.00000000000006 502 475 502 airplane 0
491.99999999999994 465.99999999999994 506 465.99999999999994 506 482 491.99999999999994 482 airplane 0
481 114 498 114 498 128 481 128 airplane 0
460.00000000000006 173 471 173 471 184 460.00000000000006 184 airplane 0