45 241 85 241 85 285 45 285 airplane 0
102.00000000000001 234 138 234 138 279 102.00000000000001 279 airplane 0
170.99999999999997 130 214 130 214 163 170.99999999999997 163 airplane 0
19 0 47 0 47 23 19 23 airplane 0
296 21.000000000000004 330 21.000000000000004 330 70 296 70 airplane 0
315 167 366 167 366 206 315 206 airplane 0
311 204.00000000000003 353 204.00000000000003 353 243.00000000000003 311 243.00000000000003 airplane 0
473 51.00000000000001 511 51.00000000000001 511 100 473 100 airplane 0
525 65 560 65 560 106 525 106 airplane 0
561 185 599 185 599 229 561 229 airplane 0
540 314 590 314 590 366 540 366 airplane 0