0 409 8 409 8 436 0 436 airplane 0
0 360 14 360 14 379 0 379 airplane 0
0 132 12 132 12 149 0 149 airplane 0
6 117 26 117 26 134 6 134 airplane 0
92 73 108 73 108 91 92 91 airplane 0
112 34 132 34 132 53 112 53 airplane 0
319 12 341 12 341 40 319 40 airplane 0
401 3 423 3 423 29 401 29 airplane 0
429 1 458 1 458 32 429 32 airplane 0
462 9 484 9 484 40 462 40 airplane 0
574 1 599 1 599 39 574 39 airplane 0
526 70 547 70 547 90 526 90 airplane 0
556 111 593 111 593 151 556 151 airplane 0
569 291 596 291 596 312 569 312 airplane 0
532 359.00000000000006 557 359.00000000000006 557 380 532 380 airplane 0
517 418 548 418 548 444 517 444 airplane 0
580 430 599 430 599 456 580 456 airplane 0
484 567 516 567 516 590 484 590 airplane 0
98 457 113 457 113 475 98 475 airplane 0