577 411.00000000000006 600 411.00000000000006 600 446 577 446 airplane 0
579 444 599 444 599 484 579 484 airplane 0
547 462.99999999999994 581 462.99999999999994 581 498 547 498 airplane 0
524 446 544 446 544 471 524 471 airplane 0
487 426 517 426 517 465.99999999999994 487 465.99999999999994 airplane 0
459 422 481 422 481 444 459 444 airplane 0
488.99999999999994 358 524 358 524 397 488.99999999999994 397 airplane 0
455 345 485 345 485 375 455 375 airplane 0
426 396 457 396 457 435 426 435 airplane 0
397 380 422 380 422 413.99999999999994 397 413.99999999999994 airplane 0
351 399 372 399 372 418 351 418 airplane 0
338 416 360 416 360 437.00000000000006 338 437.00000000000006 airplane 0
416.99999999999994 527 437.00000000000006 527 437.00000000000006 548 416.99999999999994 548 airplane 0
436 532 456 532 456 547 436 547 airplane 0
439.99999999999994 546 474 546 474 566 439.99999999999994 566 airplane 0
443 568 470 568 470 588 443 588 airplane 0
387.99999999999994 587 412 587 412 599 387.99999999999994 599 airplane 0
300 570 312 570 312 586 300 586 airplane 0
266 538 284 538 284 551 266 551 airplane 0
222 518 250 518 250 547 222 547 airplane 0
216 564 232 564 232 579 216 579 airplane 0
154 532 195 532 195 565 154 565 airplane 0
178 498 214 498 214 528 178 528 airplane 0
163 496 180 496 180 518 163 518 airplane 0
137 487 161 487 161 504 137 504 airplane 0
146 444 173 444 173 464 146 464 airplane 0
157 427 179 427 179 441 157 441 airplane 0
163 403 182 403 182 422 163 422 airplane 0
89 399 116 399 116 425 89 425 airplane 0
62 431 90 431 90 462.99999999999994 62 462.99999999999994 airplane 0
34 449 54 449 54 471 34 471 airplane 0
17 394 39 394 39 412 17 412 airplane 0
3 377 25 377 25 393 3 393 airplane 0
68 330 86 330 86 350 68 350 airplane 0
27 314 43 314 43 333.00000000000006 27 333.00000000000006 airplane 0
18 245.99999999999997 41 245.99999999999997 41 264 18 264 airplane 0
130 281 144 281 144 297 130 297 airplane 0
106 266 127 266 127 290 106 290 airplane 0
151 222 172 222 172 245.99999999999997 151 245.99999999999997 airplane 0
73 211 91 211 91 227 73 227 airplane 0
351 567 369 567 369 584 351 584 airplane 0
398 175 424 175 424 196 398 196 airplane 0
432 40 454 40 454 59 432 59 airplane 0
416 18 437.00000000000006 18 437.00000000000006 41 416 41 airplane 0
384 54 413 54 413 74 384 74 airplane 0
362.00000000000006 83 398 83 398 113 362.00000000000006 113 airplane 0
328 143 366 143 366 175 328 175 airplane 0
312.99999999999994 190 336.00000000000006 190 336.00000000000006 208 312.99999999999994 208 airplane 0
279 150 302 150 302 172 279 172 airplane 0
144 4 166 4 166 29 144 29 airplane 0
146 88 166 88 166 112 146 112 airplane 0
131 102.00000000000001 153 102.00000000000001 153 125 131 125 airplane 0
126 142 150 142 150 162 126 162 airplane 0
186 187 211 187 211 205 186 205 airplane 0
50 170.99999999999997 78.99999999999999 170.99999999999997 78.99999999999999 196 50 196 airplane 0
283 499 295 499 295 512 283 512 airplane 0
276 562 289 562 289 577 276 577 airplane 0
257 552 280 552 280 568 257 568 airplane 0
279 511 299 511 299 525 279 525 airplane 0