70 266 109 266 109 308 70 308 airplane 0
114 266 152 266 152 305 114 305 airplane 0
174 226 215 226 215 265 174 265 airplane 0
232.99999999999997 237 259 237 259 268 232.99999999999997 268 airplane 0
224 308 251 308 251 333.00000000000006 224 333.00000000000006 airplane 0
257 191 293 191 293 222 257 222 airplane 0
277 223 301 223 301 244 277 244 airplane 0
305 289 329 289 329 310.00000000000006 305 310.00000000000006 airplane 0
576 306 599 306 599 341.99999999999994 576 341.99999999999994 airplane 0
436 242 472 242 472 279 436 279 airplane 0
375 229 413.99999999999994 229 413.99999999999994 272 375 272 airplane 0
346 211 371 211 371 239 346 239 airplane 0
438 303 469 303 469 336.00000000000006 438 336.00000000000006 airplane 0
468 338 497 338 497 370 468 370 airplane 0
496 364.99999999999994 531 364.99999999999994 531 403 496 403 airplane 0
525 397 564 397 564 443 525 443 airplane 0
561 441 597 441 597 477 561 477 airplane 0
523 511 558 511 558 544 523 544 airplane 0
490 491 519 491 519 527 490 527 airplane 0
456 471 485 471 485 509.00000000000006 456 509.00000000000006 airplane 0