569 175 584 175 584 200 569 200 airplane 0
564 229 581 229 581 244 564 244 airplane 0
593 267 599 267 599 283 593 283 airplane 0
565 443 581 443 581 458 565 458 airplane 0
551 457 570 457 570 473 551 473 airplane 0
474 498 488.99999999999994 498 488.99999999999994 514 474 514 airplane 0
452 533 471 533 471 550 452 550 airplane 0
586 578 599 578 599 600 586 600 airplane 0
528 591 564 591 564 599 528 599 airplane 0
198 591 232 591 232 599 198 599 airplane 0
257 545 277 545 277 571 257 571 airplane 0
180 556 201 556 201 580 180 580 airplane 0
149 553 175 553 175 589 149 589 airplane 0
122.99999999999999 545 144 545 144 574 122.99999999999999 574 airplane 0
4 546 38 546 38 587 4 587 airplane 0
64 499 84.00000000000001 499 84.00000000000001 517 64 517 airplane 0
21.000000000000004 442 56 442 56 479 21.000000000000004 479 airplane 0
19 291 44 291 44 310.00000000000006 19 310.00000000000006 airplane 0
54.99999999999999 228 78 228 78 247 54.99999999999999 247 airplane 0
63 168.00000000000003 92 168.00000000000003 92 192 63 192 airplane 0
9 156 33 156 33 180 9 180 airplane 0
93 31 122.99999999999999 31 122.99999999999999 53 93 53 airplane 0
470 139 483.00000000000006 139 483.00000000000006 155.00000000000003 470 155.00000000000003 airplane 0