360 63 390 63 390 95 360 95 airplane 0
355 89 392 89 392 122.99999999999999 355 122.99999999999999 airplane 0
559 251 592 251 592 276 559 276 airplane 0
500 289 529 289 529 314 500 314 airplane 0
540 292 577 292 577 321 540 321 airplane 0
518 462.99999999999994 547 462.99999999999994 547 490 518 490 airplane 0
420 445 450 445 450 477 420 477 airplane 0
430 499 462 499 462 535 430 535 airplane 0
137 433 161 433 161 462 137 462 airplane 0
163 433 191 433 191 459 163 459 airplane 0
77 535 109.99999999999999 535 109.99999999999999 560 77 560 airplane 0
0 68 38 68 38 112 0 112 airplane 0
255 485 287 485 287 512 255 512 airplane 0