40 260 81 260 81 306 40 306 airplane 0
98 252 136 252 136 299 98 299 airplane 0
170 146 214 146 214 180 170 180 airplane 0
13 8 41 8 41 34 13 34 airplane 0
298 33 333.00000000000006 33 333.00000000000006 83 298 83 airplane 0
317 184 369 184 369 223 317 223 airplane 0
314 222 356 222 356 262 314 262 airplane 0
480 64 519 64 519 114 480 114 airplane 0
534 78.99999999999999 569 78.99999999999999 569 121 534 121 airplane 0
570 202 599 202 599 248 570 248 airplane 0
549 334 599 334 599 389 549 389 airplane 0