230.00000000000003 480 259 480 259 512 230.00000000000003 512 airplane 0
305 544 344 544 344 582 305 582 airplane 0
347 548 377 548 377 581 347 581 airplane 0
387 547 419 547 419 581 387 581 airplane 0
419 548 452 548 452 583 419 583 airplane 0
452 554 480 554 480 594 452 594 airplane 0
491.99999999999994 528 534 528 534 561 491.99999999999994 561 airplane 0
109 287 131 287 131 307 109 307 airplane 0
34 168.00000000000003 66 168.00000000000003 66 198 34 198 airplane 0
109 255 135 255 135 280 109 280 airplane 0
172 302 209 302 209 341.99999999999994 172 341.99999999999994 airplane 0
122 219.99999999999997 156 219.99999999999997 156 249 122 249 airplane 0
129 188 165 188 165 217.00000000000003 129 217.00000000000003 airplane 0
196 219 234 219 234 255 196 255 airplane 0
212 190 244 190 244 219 212 219 airplane 0
293 257 329 257 329 291 293 291 airplane 0
507 299 539 299 539 331 507 331 airplane 0