240 491.99999999999994 253 491.99999999999994 253 505 240 505 airplane 0
420 476 431 476 431 490 420 490 airplane 0
259 425 269 425 269 437.00000000000006 259 437.00000000000006 airplane 0
271 378 289 378 289 396 271 396 airplane 0
266 355 285 355 285 375 266 375 airplane 0
245 319 258 319 258 332 245 332 airplane 0
208 284 223 284 223 302 208 302 airplane 0
226 255 239 255 239 270 226 270 airplane 0
211 237 227 237 227 255 211 255 airplane 0
312.99999999999994 193.99999999999997 328 193.99999999999997 328 211 312.99999999999994 211 airplane 0
119 554 133 554 133 572 119 572 airplane 0
143 83 157.99999999999997 83 157.99999999999997 100 143 100 airplane 0
358 546 368 546 368 559 358 559 airplane 0
328 540 347 540 347 561 328 561 airplane 0