16 416.99999999999994 51.00000000000001 416.99999999999994 51.00000000000001 462.99999999999994 16 462.99999999999994 airplane 0
104 429 141 429 141 465.99999999999994 104 465.99999999999994 airplane 0
149 429 187 429 187 471 149 471 airplane 0
185 424 224 424 224 467 185 467 airplane 0
259 420 299 420 299 462.99999999999994 259 462.99999999999994 airplane 0
303 416.99999999999994 341.99999999999994 416.99999999999994 341.99999999999994 461 303 461 airplane 0
344 412 379 412 379 459 344 459 airplane 0
464 266 509.00000000000006 266 509.00000000000006 299 464 299 airplane 0
465.99999999999994 303 512 303 512 338.99999999999994 465.99999999999994 338.99999999999994 airplane 0
477 386 509.00000000000006 386 509.00000000000006 420 477 420 airplane 0
474 427 514 427 514 459 474 459 airplane 0
560 450 593 450 593 487 560 487 airplane 0
382 415 415 415 415 455 382 455 airplane 0
19 587 57 587 57 599 19 599 airplane 0
377 516 401 516 401 548 377 548 airplane 0
483.00000000000006 544 529 544 529 578 483.00000000000006 578 airplane 0
479 472 514 472 514 495 479 495 airplane 0