361 70 378 70 378 90 361 90 airplane 0
395 65 420 65 420 94 395 94 airplane 0
410 422 441 422 441 454 410 454 airplane 0
298 376 326 376 326 402 298 402 airplane 0
263 490 286 490 286 514 263 514 airplane 0
240 256 263 256 263 281 240 281 airplane 0
219.99999999999997 229 250 229 250 259 219.99999999999997 259 airplane 0
208 197 235 197 235 225 208 225 airplane 0
182 153 206 153 206 173 182 173 airplane 0
90 128 118 128 118 155.00000000000003 90 155.00000000000003 airplane 0
117 43 132 43 132 56 117 56 airplane 0
106 34 119 34 119 47 106 47 airplane 0
106 156 131 156 131 185 106 185 airplane 0
133 209 157.99999999999997 209 157.99999999999997 234 133 234 airplane 0
142 231 168.00000000000003 231 168.00000000000003 259 142 259 airplane 0
170.99999999999997 284 199 284 199 315 170.99999999999997 315 airplane 0
184 309 210 309 210 337 184 337 airplane 0
203 343 228 343 228 368 203 368 airplane 0
216 367 241 367 241 390 216 390 airplane 0
227 393 252 393 252 419 227 419 airplane 0
244 422 270 422 270 448 244 448 airplane 0
219.99999999999997 446 240 446 240 471 219.99999999999997 471 airplane 0
191 457 214 457 214 487 191 487 airplane 0