514 512 534 512 534 531 514 531 airplane 0
512 486.00000000000006 534 486.00000000000006 534 507 512 507 airplane 0
512 458 534 458 534 476 512 476 airplane 0
518 438 537 438 537 455 518 455 airplane 0
514 415 534 415 534 433 514 433 airplane 0
513 393 532 393 532 411.00000000000006 513 411.00000000000006 airplane 0
514 369 531 369 531 387.99999999999994 514 387.99999999999994 airplane 0
507 332 531 332 531 349 507 349 airplane 0
508 311 530 311 530 330 508 330 airplane 0
514 290 535 290 535 307 514 307 airplane 0
514 271 529 271 529 285 514 285 airplane 0
509.00000000000006 249 530 249 530 265 509.00000000000006 265 airplane 0
399 243.00000000000003 425 243.00000000000003 425 265 399 265 airplane 0
507 229 528 229 528 245 507 245 airplane 0
513 200 533 200 533 218 513 218 airplane 0
507 178 531 178 531 198 507 198 airplane 0
512 156 532 156 532 174 512 174 airplane 0
509.00000000000006 135 529 135 529 155.00000000000003 509.00000000000006 155.00000000000003 airplane 0
594 109 600 109 600 130 594 130 airplane 0
512 101 533 101 533 125 512 125 airplane 0
506 83 525 83 525 103 506 103 airplane 0
594 65 600 65 600 88 594 88 airplane 0
507 42.00000000000001 523 42.00000000000001 523 59 507 59 airplane 0
513 572 530 572 530 587 513 587 airplane 0
514 541 533 541 533 557 514 557 airplane 0