9 131 35 131 35 153 9 153 airplane 0
1 154 9 154 9 185 1 185 airplane 0
435 230.00000000000003 458 230.00000000000003 458 245.99999999999997 435 245.99999999999997 airplane 0
369 296 395 296 395 324 369 324 airplane 0
308 345 333.00000000000006 345 333.00000000000006 377 308 377 airplane 0
451 406 479 406 479 436 451 436 airplane 0
399 449 430 449 430 476 399 476 airplane 0
371 423 399 423 399 456 371 456 airplane 0
350 397 377 397 377 429 350 429 airplane 0
326 375 352 375 352 403 326 403 airplane 0
281 385.00000000000006 306 385.00000000000006 306 412 281 412 airplane 0
290 406 315.99999999999994 406 315.99999999999994 433 290 433 airplane 0
279 429 304 429 304 457 279 457 airplane 0
312 418 336.00000000000006 418 336.00000000000006 449 312 449 airplane 0
299 444 319 444 319 468 299 468 airplane 0
315 468 340 468 340 499 315 499 airplane 0
341 460.00000000000006 363 460.00000000000006 363 481 341 481 airplane 0
323 446 348 446 348 471 323 471 airplane 0
550 104 574 104 574 134 550 134 airplane 0
475 93 494 93 494 118 475 118 airplane 0
460.00000000000006 65 478 65 478 93 460.00000000000006 93 airplane 0
392 62 411.00000000000006 62 411.00000000000006 88 392 88 airplane 0
405 85 427 85 427 109.99999999999999 405 109.99999999999999 airplane 0
423 109.99999999999999 439 109.99999999999999 439 135 423 135 airplane 0
396 109.99999999999999 416 109.99999999999999 416 132 396 132 airplane 0
435 133 457 133 457 159 435 159 airplane 0
413 131 433 131 433 157 413 157 airplane 0