490 59 515 59 515 84.00000000000001 490 84.00000000000001 airplane 0
434.00000000000006 67 454 67 454 86 434.00000000000006 86 airplane 0
356 206.99999999999997 393 206.99999999999997 393 232 356 232 airplane 0
326 187 361 187 361 219 326 219 airplane 0
280 213 311 213 311 243.00000000000003 280 243.00000000000003 airplane 0
311 295 346 295 346 323 311 323 airplane 0
294 348 326 348 326 378 294 378 airplane 0
280 376 317 376 317 405 280 405 airplane 0
230.00000000000003 312.99999999999994 261 312.99999999999994 261 338.99999999999994 230.00000000000003 338.99999999999994 airplane 0
216 249 235 249 235 265 216 265 airplane 0
164 315 181.00000000000003 315 181.00000000000003 328 164 328 airplane 0
167 331 183 331 183 344 167 344 airplane 0
149 387.99999999999994 165 387.99999999999994 165 405 149 405 airplane 0
156 361 176 361 176 379 156 379 airplane 0
163 344 180 344 180 361 163 361 airplane 0
245 522 260 522 260 535 245 535 airplane 0
180 523 192 523 192 536 180 536 airplane 0
2 484 13 484 13 497 2 497 airplane 0
54 482 66 482 66 491.99999999999994 54 491.99999999999994 airplane 0
48 477 57 477 57 487 48 487 airplane 0
49 469 59 469 59 479 49 479 airplane 0