46 362.00000000000006 67 362.00000000000006 67 390 46 390 airplane 0
294 404 312.99999999999994 404 312.99999999999994 424 294 424 airplane 0
471 425 488 425 488 444 471 444 airplane 0
546 413.99999999999994 561 413.99999999999994 561 437.00000000000006 546 437.00000000000006 airplane 0
577 340 592 340 592 360 577 360 airplane 0
548 335 562 335 562 352 548 352 airplane 0
512 327 527 327 527 347 512 347 airplane 0
459 321 480 321 480 343 459 343 airplane 0
387 317 413 317 413 341.99999999999994 387 341.99999999999994 airplane 0
287 303 312 303 312 326 287 326 airplane 0
228 289 253 289 253 320 228 320 airplane 0