315 352 343 352 343 373 315 373 airplane 0
459 267 480 267 480 288 459 288 airplane 0
324 214 345 214 345 232.99999999999997 324 232.99999999999997 airplane 0
213 181.00000000000003 247 181.00000000000003 247 218 213 218 airplane 0
341 0 359.00000000000006 0 359.00000000000006 19 341 19 airplane 0
103 243.00000000000003 129 243.00000000000003 129 271 103 271 airplane 0
47 322 67 322 67 345 47 345 airplane 0
1 400 9 400 9 423 1 423 airplane 0
101 382 118 382 118 400 101 400 airplane 0
155.00000000000003 296 173 296 173 315 155.00000000000003 315 airplane 0
132 267 150 267 150 290 132 290 airplane 0
169 262 190 262 190 280 169 280 airplane 0
247 219 271 219 271 249 247 249 airplane 0
359.00000000000006 312 381 312 381 333.00000000000006 359.00000000000006 333.00000000000006 airplane 0
150 76 166 76 166 88 150 88 airplane 0
64 350 81 350 81 366 64 366 airplane 0
177 319 193 319 193 340 177 340 airplane 0
291 257 309 257 309 276 291 276 airplane 0
321 78 341.99999999999994 78 341.99999999999994 96 321 96 airplane 0
273 95 291 95 291 114 273 114 airplane 0
261 113 279 113 279 132 261 132 airplane 0
293 279 312 279 312 295 293 295 airplane 0
383 307 405 307 405 326 383 326 airplane 0
345 295 362.00000000000006 295 362.00000000000006 312 345 312 airplane 0
322 291 341.99999999999994 291 341.99999999999994 311 322 311 airplane 0
418 274 436 274 436 291 418 291 airplane 0
210 157.99999999999997 228 157.99999999999997 228 176 210 176 airplane 0
300 56 321 56 321 74 300 74 airplane 0