559 381 575 381 575 399 559 399 airplane 0
468 390 485 390 485 404 468 404 airplane 0
474 551 491.99999999999994 551 491.99999999999994 568 474 568 airplane 0
341 563 356 563 356 582 341 582 airplane 0
306 544 325 544 325 558 306 558 airplane 0
278 571 293 571 293 592 278 592 airplane 0
254 568 273 568 273 593 254 593 airplane 0
192 535 221 535 221 567 192 567 airplane 0
431 416.99999999999994 445 416.99999999999994 445 435 431 435 airplane 0
426 386 439.99999999999994 386 439.99999999999994 402 426 402 airplane 0
48 362.00000000000006 63 362.00000000000006 63 384 48 384 airplane 0
370 427 390.99999999999994 427 390.99999999999994 443 370 443 airplane 0
364.99999999999994 409 389 409 389 425 364.99999999999994 425 airplane 0
362.00000000000006 393 380 393 380 407 362.00000000000006 407 airplane 0
352 386 366 386 366 399 352 399 airplane 0
338 445 354 445 354 462.99999999999994 338 462.99999999999994 airplane 0
296 445 314 445 314 464 296 464 airplane 0
236 456 253 456 253 475 236 475 airplane 0
223 452 234 452 234 465.99999999999994 223 465.99999999999994 airplane 0
208 416 227 416 227 433 208 433 airplane 0
219 399 239 399 239 418 219 418 airplane 0
250 368 278 368 278 387.99999999999994 250 387.99999999999994 airplane 0
251 341.99999999999994 273 341.99999999999994 273 361 251 361 airplane 0
226 286 268 286 268 322 226 322 airplane 0
230.00000000000003 260 265 260 265 286 230.00000000000003 286 airplane 0
190 271 222 271 222 306 190 306 airplane 0
433 122.99999999999999 452 122.99999999999999 452 151 433 151 airplane 0
338.99999999999994 176 358 176 358 191 338.99999999999994 191 airplane 0
387 189 402 189 402 199 387 199 airplane 0
321 136 348 136 348 162 321 162 airplane 0
282 133 303 133 303 159 282 159 airplane 0
308 133 323 133 323 155.00000000000003 308 155.00000000000003 airplane 0
222 211 242 211 242 237 222 237 airplane 0
225 140 254 140 254 172 225 172 airplane 0
206 142 224 142 224 169 206 169 airplane 0
213 49 232.99999999999997 49 232.99999999999997 66 213 66 airplane 0