416 512 482 512 482 582 416 582 airplane 0
413.99999999999994 418 498 418 498 491.99999999999994 413.99999999999994 491.99999999999994 airplane 0
453 272 497 272 497 319 453 319 airplane 0
439.99999999999994 172 511 172 511 244 439.99999999999994 244 airplane 0
446 78.99999999999999 519 78.99999999999999 519 157 446 157 airplane 0
456 1 530 1 530 54.99999999999999 456 54.99999999999999 airplane 0
242 538 287 538 287 582 242 582 airplane 0
245.99999999999997 469 283 469 283 505 245.99999999999997 505 airplane 0
259 321 296 321 296 358 259 358 airplane 0
256 241 301 241 301 288 256 288 airplane 0
267 85 306 85 306 127 267 127 airplane 0
253 162 303 162 303 210 253 210 airplane 0