89 262 131 262 131 289 89 289 airplane 0
56 185 87 185 87 212 56 212 airplane 0
76 73 103 73 103 108 76 108 airplane 0
121 82 137 82 137 107 121 107 airplane 0
148 157 178 157 178 182 148 182 airplane 0
162 202 185 202 185 224 162 224 airplane 0
248 129 276 129 276 157.99999999999997 248 157.99999999999997 airplane 0
425 307 451 307 451 332 425 332 airplane 0
473 248 497 248 497 268 473 268 airplane 0
567 209 591 209 591 232.99999999999997 567 232.99999999999997 airplane 0
565 256 585 256 585 279 565 279 airplane 0