430 497 451 497 451 525 430 525 airplane 0
272 445 297 445 297 470 272 470 airplane 0
245 444 269 444 269 465.99999999999994 245 465.99999999999994 airplane 0
219.99999999999997 442 245 442 245 465 219.99999999999997 465 airplane 0
193.99999999999997 439 218 439 218 461 193.99999999999997 461 airplane 0
163 394 193.99999999999997 394 193.99999999999997 425 163 425 airplane 0
165 356 192 356 192 390.99999999999994 165 390.99999999999994 airplane 0
85 390.99999999999994 106 390.99999999999994 106 416 85 416 airplane 0
93 416.99999999999994 114 416.99999999999994 114 441 93 441 airplane 0
101 446 122 446 122 469 101 469 airplane 0
115.00000000000001 468 135 468 135 493 115.00000000000001 493 airplane 0
65 332 93 332 93 363 65 363 airplane 0
83 302 107 302 107 331 83 331 airplane 0
92 266 116 266 116 290 92 290 airplane 0
109.99999999999999 241 138 241 138 267 109.99999999999999 267 airplane 0
133 215 157.99999999999997 215 157.99999999999997 239 133 239 airplane 0
178 201 206.99999999999997 201 206.99999999999997 230.00000000000003 178 230.00000000000003 airplane 0
203 221 231 221 231 247 203 247 airplane 0
178 249 206 249 206 278 178 278 airplane 0
150 286 180 286 180 314 150 314 airplane 0
212 258 232.99999999999997 258 232.99999999999997 277 212 277 airplane 0
235 254 257 254 257 275 235 275 airplane 0
232 273 255 273 255 293 232 293 airplane 0
239 288 267 288 267 308 239 308 airplane 0
257 333.00000000000006 290 333.00000000000006 290 359.00000000000006 257 359.00000000000006 airplane 0