148 461 175 461 175 486.00000000000006 148 486.00000000000006 airplane 0
221 443 248 443 248 469 221 469 airplane 0
195 422 218 422 218 444 195 444 airplane 0
259 424 283 424 283 447 259 447 airplane 0
228 352 252 352 252 375 228 375 airplane 0
210 401 228 401 228 422 210 422 airplane 0
268 364.99999999999994 296 364.99999999999994 296 394 268 394 airplane 0
289 329 310.00000000000006 329 310.00000000000006 346 289 346 airplane 0
324 182 351 182 351 211 324 211 airplane 0
307 117 323 117 323 132 307 132 airplane 0
284 49 308 49 308 76 284 76 airplane 0
322 47 346 47 346 73 322 73 airplane 0
293 24 322 24 322 48 293 48 airplane 0
5 19 22 19 22 36 5 36 airplane 0
77 281 99 281 99 298 77 298 airplane 0