520 50 556 50 556 83 520 83 airplane 0
517 26 536 26 536 44 517 44 airplane 0
538 167 558 167 558 185 538 185 airplane 0
503 155.00000000000003 518 155.00000000000003 518 175 503 175 airplane 0
438 185 454 185 454 201 438 201 airplane 0
402 185 419 185 419 202 402 202 airplane 0
179 209 206 209 206 236 179 236 airplane 0
139 213 170 213 170 241 139 241 airplane 0
96.99999999999999 213 127 213 127 242 96.99999999999999 242 airplane 0
52 235 69 235 69 255 52 255 airplane 0
25 238 43 238 43 257 25 257 airplane 0