410 348 438 348 438 370 410 370 airplane 0
425 271 442 271 442 291 425 291 airplane 0
279 240 291 240 291 257 279 257 airplane 0
232 243.00000000000003 244 243.00000000000003 244 262 232 262 airplane 0
488.99999999999994 213 520 213 520 245.99999999999997 488.99999999999994 245.99999999999997 airplane 0
568 142 600 142 600 167 568 167 airplane 0
294 77 311 77 311 96.99999999999999 294 96.99999999999999 airplane 0
501 129 515 129 515 156 501 156 airplane 0
410 1 429 1 429 18 410 18 airplane 0
374 477 390.99999999999994 477 390.99999999999994 494 374 494 airplane 0
364 524 384 524 384 542 364 542 airplane 0
354 502 372 502 372 521 354 521 airplane 0
396 435 415 435 415 454 396 454 airplane 0
315 191 331 191 331 209 315 209 airplane 0
491.99999999999994 23 518 23 518 51.00000000000001 491.99999999999994 51.00000000000001 airplane 0