543 45 570 45 570 71 543 71 airplane 0
491.99999999999994 87 512 87 512 109 491.99999999999994 109 airplane 0
444 103 465.99999999999994 103 465.99999999999994 130 444 130 airplane 0
482 121 507 121 507 144 482 144 airplane 0
409 127 430 127 430 153 409 153 airplane 0
380 149 400 149 400 176 380 176 airplane 0
345 167 366 167 366 191 345 191 airplane 0
312.99999999999994 186 335 186 335 209 312.99999999999994 209 airplane 0
284 204.00000000000003 306 204.00000000000003 306 227 284 227 airplane 0
253 219 276 219 276 243.00000000000003 253 243.00000000000003 airplane 0
140 271 163 271 163 299 140 299 airplane 0
276 282 300 282 300 303 276 303 airplane 0
175 285 196 285 196 307 175 307 airplane 0
114 580 137 580 137 599 114 599 airplane 0
477 0 502 0 502 14 477 14 airplane 0
518 3 542 3 542 32 518 32 airplane 0
539 20 563 20 563 41 539 41 airplane 0