0 249 45 249 45 305 0 305 airplane 0
307 153 331 153 331 176 307 176 airplane 0
335 125 356 125 356 150 335 150 airplane 0
355 159 381 159 381 182 355 182 airplane 0
324 214 350 214 350 235 324 235 airplane 0
542 130 577 130 577 163 542 163 airplane 0
465.99999999999994 124 503 124 503 169 465.99999999999994 169 airplane 0
432 137 469 137 469 177 432 177 airplane 0
423 137 439 137 439 156 423 156 airplane 0
409 159 432 159 432 181.00000000000003 409 181.00000000000003 airplane 0
576 240 597 240 597 266 576 266 airplane 0
562 209 590 209 590 243.00000000000003 562 243.00000000000003 airplane 0
541 200 567 200 567 242 541 242 airplane 0
434.00000000000006 213 469 213 469 248 434.00000000000006 248 airplane 0
481 195 510 195 510 238 481 238 airplane 0
498 208 526 208 526 241 498 241 airplane 0
512 190 542 190 542 232 512 232 airplane 0
394 213 416 213 416 231 394 231 airplane 0
461 210 491.99999999999994 210 491.99999999999994 247 461 247 airplane 0