502 421 521 421 521 446 502 446 airplane 0
561 415 582 415 582 444 561 444 airplane 0
260 394 279 394 279 415 260 415 airplane 0
403 361 455 361 455 412 403 412 airplane 0
277 371 303 371 303 398 277 398 airplane 0
202 347 222 347 222 363 202 363 airplane 0
402 326 437.00000000000006 326 437.00000000000006 356 402 356 airplane 0
188 312 219.99999999999997 312 219.99999999999997 341.99999999999994 188 341.99999999999994 airplane 0
273 309 304 309 304 341 273 341 airplane 0
356 291 384 291 384 321 356 321 airplane 0
178 280 208 280 208 310.00000000000006 178 310.00000000000006 airplane 0
264 277 294 277 294 309 264 309 airplane 0
389 260 421 260 421 291 389 291 airplane 0
253 241 288 241 288 271 253 271 airplane 0
139 228 188 228 188 274 139 274 airplane 0
245 203 275 203 275 234 245 234 airplane 0
361 159 400 159 400 191 361 191 airplane 0
516 575 542 575 542 595 516 595 airplane 0
235 154 265 154 265 185 235 185 airplane 0
223 120 251 120 251 147 223 147 airplane 0
351 95 371 95 371 115.00000000000001 351 115.00000000000001 airplane 0
120 69 169 69 169 118 120 118 airplane 0
343 58 374 58 374 86 343 86 airplane 0
205 38 234 38 234 66 205 66 airplane 0
336.00000000000006 26 366 26 366 54.99999999999999 336.00000000000006 54.99999999999999 airplane 0
133 21.000000000000004 157 21.000000000000004 157 42.00000000000001 133 42.00000000000001 airplane 0
0 9 9 9 9 32 0 32 airplane 0
329 1 363 1 363 25 329 25 airplane 0
124 1 148 1 148 17 124 17 airplane 0