129 278 150 278 150 300 129 300 airplane 0
150 279 170 279 170 300 150 300 airplane 0
212 334 231 334 231 352 212 352 airplane 0
213 279 230.00000000000003 279 230.00000000000003 299 213 299 airplane 0
232 280 251 280 251 298 232 298 airplane 0
387 182 400 182 400 195 387 195 airplane 0
409 181.00000000000003 426 181.00000000000003 426 195 409 195 airplane 0
431 178 445 178 445 193.99999999999997 431 193.99999999999997 airplane 0
462.99999999999994 170.99999999999997 483.00000000000006 170.99999999999997 483.00000000000006 193 462.99999999999994 193 airplane 0
483.00000000000006 179 502 179 502 201 483.00000000000006 201 airplane 0
371 278 389 278 389 298 371 298 airplane 0
315.99999999999994 341.99999999999994 332 341.99999999999994 332 359.00000000000006 315.99999999999994 359.00000000000006 airplane 0
336.00000000000006 334 352 334 352 355 336.00000000000006 355 airplane 0
542 454 559 454 559 471 542 471 airplane 0
587 392 599 392 599 407 587 407 airplane 0
71 488.99999999999994 89 488.99999999999994 89 512 71 512 airplane 0
152 491 172 491 172 510 152 510 airplane 0
234 488.99999999999994 255 488.99999999999994 255 511 234 511 airplane 0
324 491 340 491 340 512 324 512 airplane 0
341 491 358 491 358 510 341 510 airplane 0
360 486.00000000000006 380 486.00000000000006 380 510 360 510 airplane 0
406 488.99999999999994 422 488.99999999999994 422 506 406 506 airplane 0
428 491.99999999999994 439 491.99999999999994 439 505 428 505 airplane 0
456 493 470 493 470 506 456 506 airplane 0
476 490 490 490 490 504 476 504 airplane 0
491.99999999999994 491 503 491 503 504 491.99999999999994 504 airplane 0
506 488.99999999999994 517 488.99999999999994 517 505 506 505 airplane 0
531 490 543 490 543 504 531 504 airplane 0
559 488 572 488 572 502 559 502 airplane 0
576 486.00000000000006 588 486.00000000000006 588 502 576 502 airplane 0
591 490 599 490 599 504 591 504 airplane 0
156 562 175 562 175 583 156 583 airplane 0
177 562 195 562 195 581 177 581 airplane 0
199 564 216 564 216 582 199 582 airplane 0
225 558 255 558 255 585 225 585 airplane 0
262 556 279 556 279 574 262 574 airplane 0
330 554 351 554 351 584 330 584 airplane 0
359.00000000000006 554 381 554 381 585 359.00000000000006 585 airplane 0
384 561 402 561 402 580 384 580 airplane 0
407 562 427 562 427 579 407 579 airplane 0
430 593 447 593 447 599 430 599 airplane 0
446 559 458 559 458 576 446 576 airplane 0
459 558 472 558 472 575 459 575 airplane 0
522 559 536 559 536 576 522 576 airplane 0
535 580 551 580 551 596 535 596 airplane 0
546 551 558 551 558 567 546 567 airplane 0
560 552 570 552 570 566 560 566 airplane 0
577 580 588 580 588 597 577 597 airplane 0
551 580 562 580 562 596 551 596 airplane 0
563 580 575 580 575 594 563 594 airplane 0
589 579 599 579 599 598 589 598 airplane 0
594 549 599 549 599 565 594 565 airplane 0