278 435 307 435 307 465 278 465 airplane 0
370 416.99999999999994 399 416.99999999999994 399 452 370 452 airplane 0
456 419 475 419 475 442 456 442 airplane 0
491.99999999999994 419 523 419 523 450 491.99999999999994 450 airplane 0
57 428 74 428 74 447 57 447 airplane 0
80 432 89 432 89 443 80 443 airplane 0
96 430 109.99999999999999 430 109.99999999999999 443 96 443 airplane 0
83 346 106 346 106 376 83 376 airplane 0
106 345 130 345 130 377 106 377 airplane 0
134 346 155.00000000000003 346 155.00000000000003 375 134 375 airplane 0
160 345 179 345 179 374 160 374 airplane 0
185 348 211 348 211 379 185 379 airplane 0
17 330 43 330 43 353 17 353 airplane 0
18 306 44 306 44 327 18 327 airplane 0
111 299 127 299 127 319 111 319 airplane 0
140 298 157 298 157 318 140 318 airplane 0
162 299 177 299 177 317 162 317 airplane 0
68 476 87 476 87 498 68 498 airplane 0
6 450 24 450 24 465.99999999999994 6 465.99999999999994 airplane 0
148 453 164 453 164 469 148 469 airplane 0
0 465 15 465 15 479 0 479 airplane 0