454 310.00000000000006 474 310.00000000000006 474 332 454 332 airplane 0
438 281 458 281 458 306 438 306 airplane 0
390 237 413 237 413 263 390 263 airplane 0
337 232.99999999999997 358 232.99999999999997 358 264 337 264 airplane 0
300 336.00000000000006 318 336.00000000000006 318 366 300 366 airplane 0
247 140 269 140 269 162 247 162 airplane 0
201 80 226 80 226 102.00000000000001 201 102.00000000000001 airplane 0
204.00000000000003 425 228 425 228 445 204.00000000000003 445 airplane 0
222 455 244 455 244 476 222 476 airplane 0
161 515 186 515 186 536 161 536 airplane 0
122 567 146 567 146 587 122 587 airplane 0
146 491.99999999999994 169 491.99999999999994 169 516 146 516 airplane 0
133 472 156 472 156 494 133 494 airplane 0
111 543 132 543 132 565 111 565 airplane 0
242 486.00000000000006 265 486.00000000000006 265 508 242 508 airplane 0