283 560 297 560 297 572 283 572 airplane 0
307 568 321 568 321 579 307 579 airplane 0
403 568 423 568 423 586 403 586 airplane 0
441 571 462 571 462 588 441 588 airplane 0
395 367 413.99999999999994 367 413.99999999999994 387 395 387 airplane 0
418 287 437.00000000000006 287 437.00000000000006 307 418 307 airplane 0
426 250 446 250 446 269 426 269 airplane 0
430 230.00000000000003 449 230.00000000000003 449 249 430 249 airplane 0
469 240 490 240 490 265 469 265 airplane 0
504 258 525 258 525 275 504 275 airplane 0
496 288 515 288 515 312.99999999999994 496 312.99999999999994 airplane 0
476 291 495 291 495 310.00000000000006 476 310.00000000000006 airplane 0
368 273 390 273 390 292 368 292 airplane 0
378 242 401 242 401 262 378 262 airplane 0
383 225 406 225 406 244 383 244 airplane 0
338.99999999999994 204.00000000000003 358 204.00000000000003 358 223 338.99999999999994 223 airplane 0
327 222 354 222 354 239 327 239 airplane 0
320 237 341 237 341 257 320 257 airplane 0
312 254 336.00000000000006 254 336.00000000000006 272 312 272 airplane 0
275 204.00000000000003 300 204.00000000000003 300 224 275 224 airplane 0
281 185 305 185 305 208 281 208 airplane 0
287 170 314 170 314 191 287 191 airplane 0
287 149 315 149 315 170 287 170 airplane 0
293 129 323 129 323 150 293 150 airplane 0
299 113 326 113 326 133 299 133 airplane 0
304 96.99999999999999 331 96.99999999999999 331 115.00000000000001 304 115.00000000000001 airplane 0
310.00000000000006 76 337 76 337 96 310.00000000000006 96 airplane 0
252 190 271 190 271 206.99999999999997 252 206.99999999999997 airplane 0
247 178 265 178 265 195 247 195 airplane 0
237 163 254 163 254 180 237 180 airplane 0
184 236 205 236 205 255 184 255 airplane 0
178 215 199 215 199 234 178 234 airplane 0
168.00000000000003 202 185 202 185 221 168.00000000000003 221 airplane 0
154 186 175 186 175 205 154 205 airplane 0
96.99999999999999 212 122 212 122 230.00000000000003 96.99999999999999 230.00000000000003 airplane 0
107 225 129 225 129 243.00000000000003 107 243.00000000000003 airplane 0
116 240 138 240 138 258 116 258 airplane 0
131 251 151 251 151 270 131 270 airplane 0