161 1 177 1 177 13 161 13 airplane 0
243.00000000000003 8 255 8 255 21.000000000000004 243.00000000000003 21.000000000000004 airplane 0
270 7 282 7 282 21.000000000000004 270 21.000000000000004 airplane 0
439 16 459 16 459 38 439 38 airplane 0
469 15 491 15 491 43 469 43 airplane 0
504 17 524 17 524 40 504 40 airplane 0
548 30 561 30 561 46 548 46 airplane 0
568 31 582 31 582 48 568 48 airplane 0
594 430 599 430 599 450 594 450 airplane 0
584 465.99999999999994 599 465.99999999999994 599 485 584 485 airplane 0
568 468 581 468 581 483.00000000000006 568 483.00000000000006 airplane 0
561 497 576 497 576 510 561 510 airplane 0
465.99999999999994 416 490 416 490 445 465.99999999999994 445 airplane 0
434.00000000000006 416.99999999999994 456 416.99999999999994 456 441 434.00000000000006 441 airplane 0
402 419 420 419 420 437.00000000000006 402 437.00000000000006 airplane 0
467 484 493 484 493 516 467 516 airplane 0
411.00000000000006 481 436 481 436 507 411.00000000000006 507 airplane 0
383 479 405 479 405 505 383 505 airplane 0
236 454 245.99999999999997 454 245.99999999999997 464 236 464 airplane 0
256 450 268 450 268 462.99999999999994 256 462.99999999999994 airplane 0
252 486.00000000000006 266 486.00000000000006 266 501 252 501 airplane 0
303 499 311 499 311 508 303 508 airplane 0
230.00000000000003 519 243.00000000000003 519 243.00000000000003 535 230.00000000000003 535 airplane 0
192 520 206 520 206 533 192 533 airplane 0
130 421 154 421 154 447 130 447 airplane 0
106 422 128 422 128 446 106 446 airplane 0
72 467 92 467 92 488.99999999999994 72 488.99999999999994 airplane 0
34 479 59 479 59 504 34 504 airplane 0
7 476 31 476 31 500 7 500 airplane 0
0 479 5 479 5 500 0 500 airplane 0
85 235 115.00000000000001 235 115.00000000000001 261 85 261 airplane 0