518 479 544 479 544 504 518 504 airplane 0
470 443 488.99999999999994 443 488.99999999999994 464 470 464 airplane 0
423 423 444 423 444 448 423 448 airplane 0
459 410 484 410 484 432 459 432 airplane 0
390 401 410 401 410 425 390 425 airplane 0
362.00000000000006 379 381 379 381 404 362.00000000000006 404 airplane 0
329 364.99999999999994 349 364.99999999999994 349 387.99999999999994 329 387.99999999999994 airplane 0
298 348 319 348 319 370 298 370 airplane 0
270 330 291 330 291 352 270 352 airplane 0
241 315 263 315 263 338 241 338 airplane 0
133 261 155.00000000000003 261 155.00000000000003 288 133 288 airplane 0
263 258 286 258 286 278 263 278 airplane 0
166 254 186 254 186 275 166 275 airplane 0
456 535 478 535 478 558 456 558 airplane 0
494 517 517 517 517 545 494 545 airplane 0
514 508 537 508 537 528 514 528 airplane 0