433 167 456 167 456 191 433 191 airplane 0
309 170.99999999999997 337 170.99999999999997 337 199 309 199 airplane 0
345 104 369 104 369 126 345 126 airplane 0
369 76 393 76 393 99 369 99 airplane 0
297 250 319 250 319 277 297 277 airplane 0
270 282 293 282 293 306 270 306 airplane 0
216 450 247 450 247 477 216 477 airplane 0
129 390 159 390 159 413.99999999999994 129 413.99999999999994 airplane 0
234 407 257 407 257 431 234 431 airplane 0
138 350 169 350 169 377 138 377 airplane 0
151 314 178 314 178 340 151 340 airplane 0
166 275 186 275 186 296 166 296 airplane 0
401 184 426 184 426 211 401 211 airplane 0
478 166 491.99999999999994 166 491.99999999999994 181.00000000000003 478 181.00000000000003 airplane 0
502 145 523 145 523 166 502 166 airplane 0
465.99999999999994 68 487 68 487 87 465.99999999999994 87 airplane 0
454 49 474 49 474 69 454 69 airplane 0
182 238 206 238 206 258 182 258 airplane 0