328 146 340 146 340 163 328 163 airplane 0
312 150 325 150 325 163 312 163 airplane 0
287 310.00000000000006 299 310.00000000000006 299 323 287 323 airplane 0
274 317 286 317 286 334 274 334 airplane 0
381 103 396 103 396 119 381 119 airplane 0
361 111 374 111 374 124 361 124 airplane 0
337 107 352 107 352 125 337 125 airplane 0
393 70 406 70 406 83 393 83 airplane 0
370 66 383 66 383 84.00000000000001 370 84.00000000000001 airplane 0
347 67 362.00000000000006 67 362.00000000000006 84.00000000000001 347 84.00000000000001 airplane 0
307 65 324 65 324 87 307 87 airplane 0
318 107 330 107 330 127 318 127 airplane 0
292 109 311 109 311 127 292 127 airplane 0
257 71 275 71 275 88 257 88 airplane 0
248 109.99999999999999 265 109.99999999999999 265 130 248 130 airplane 0
272 108 289 108 289 127 272 127 airplane 0
252 17 265 17 265 32 252 32 airplane 0
264 23 275 23 275 35 264 35 airplane 0