216 368 230.00000000000003 368 230.00000000000003 387.99999999999994 216 387.99999999999994 airplane 0
177 375 192 375 192 392 177 392 airplane 0
210 286 225 286 225 303 210 303 airplane 0
145 236 170.99999999999997 236 170.99999999999997 259 145 259 airplane 0
43 170 63 170 63 191 43 191 airplane 0
300 264 321 264 321 283 300 283 airplane 0
483.00000000000006 193 501 193 501 211 483.00000000000006 211 airplane 0
522 298 542 298 542 312.99999999999994 522 312.99999999999994 airplane 0
525 369 543 369 543 387.99999999999994 525 387.99999999999994 airplane 0
397 403 416 403 416 419 397 419 airplane 0
309 177 321 177 321 196 309 196 airplane 0
153 439.99999999999994 173 439.99999999999994 173 458 153 458 airplane 0
329 490 345 490 345 502 329 502 airplane 0
371 487 385.00000000000006 487 385.00000000000006 508 371 508 airplane 0
312 446 330 446 330 465 312 465 airplane 0
312 385.00000000000006 327 385.00000000000006 327 400 312 400 airplane 0
386 178 405 178 405 195 386 195 airplane 0
387 159 396 159 396 170 387 170 airplane 0
337 147 350 147 350 164 337 164 airplane 0
587 294 600 294 600 312.99999999999994 587 312.99999999999994 airplane 0