278 304 317 304 317 345 278 345 airplane 0
172 354 205 354 205 379 172 379 airplane 0
469 392 496 392 496 415 469 415 airplane 0
445 434.00000000000006 475 434.00000000000006 475 459 445 459 airplane 0
177 319 211 319 211 341.99999999999994 177 341.99999999999994 airplane 0
96 315.99999999999994 125 315.99999999999994 125 337 96 337 airplane 0
101 291 127 291 127 311 101 311 airplane 0
128 445 152 445 152 471 128 471 airplane 0
161 450 188 450 188 475 161 475 airplane 0
228 465 254 465 254 491 228 491 airplane 0
260 470 285 470 285 495 260 495 airplane 0
289 471 311 471 311 500 289 500 airplane 0