245 199 271 199 271 227 245 227 airplane 0
224 212 247 212 247 235 224 235 airplane 0
172 174 198 174 198 201 172 201 airplane 0
167 238 191 238 191 267 167 267 airplane 0
124 137 148 137 148 163 124 163 airplane 0
108 270 132 270 132 295 108 295 airplane 0
76 290 99 290 99 315.99999999999994 76 315.99999999999994 airplane 0
276 422 299 422 299 450 276 450 airplane 0
247 439 271 439 271 465.99999999999994 247 465.99999999999994 airplane 0
121 396 143 396 143 419 121 419 airplane 0
69 441 89 441 89 462 69 462 airplane 0
122.99999999999999 535 149 535 149 562 122.99999999999999 562 airplane 0
78.99999999999999 539 101 539 101 565 78.99999999999999 565 airplane 0
376 468 404 468 404 491 376 491 airplane 0
223 450 245.99999999999997 450 245.99999999999997 476 223 476 airplane 0
155.00000000000003 461 177 461 177 482 155.00000000000003 482 airplane 0
152 446 165 446 165 459 152 459 airplane 0
142 443 154 443 154 456 142 456 airplane 0
164 195 177 195 177 211 164 211 airplane 0
155.00000000000003 205 164 205 164 216 155.00000000000003 216 airplane 0
129 201 140 201 140 214 129 214 airplane 0
105 218 116 218 116 227 105 227 airplane 0
136 560 161 560 161 583 136 583 airplane 0
214 572 234 572 234 592 214 592 airplane 0
199 548 224 548 224 570 199 570 airplane 0
193 520 208 520 208 536 193 536 airplane 0
32 322 50 322 50 343 32 343 airplane 0
140 211 151 211 151 219.99999999999997 140 219.99999999999997 airplane 0
128 217.00000000000003 137 217.00000000000003 137 227 128 227 airplane 0
116 221 128 221 128 232.99999999999997 116 232.99999999999997 airplane 0
111 146 120 146 120 160 111 160 airplane 0
98 154 106 154 106 165 98 165 airplane 0
85 160 96 160 96 170.99999999999997 85 170.99999999999997 airplane 0
86 175 93 175 93 183 86 183 airplane 0
96.99999999999999 168.00000000000003 108 168.00000000000003 108 177 96.99999999999999 177 airplane 0
109.99999999999999 162 120 162 120 168.00000000000003 109.99999999999999 168.00000000000003 airplane 0