309 504 330 504 330 521 309 521 airplane 0
255 511 274 511 274 523 255 523 airplane 0
260 494 274 494 274 508 260 508 airplane 0
255 481 275 481 275 491.99999999999994 255 491.99999999999994 airplane 0
254 467 273 467 273 480 254 480 airplane 0
251 450 273 450 273 465 251 465 airplane 0
255 410 272 410 272 422 255 422 airplane 0
253 394 273 394 273 409 253 409 airplane 0
254 379 270 379 270 394 254 394 airplane 0
245 358 260 358 260 372 245 372 airplane 0
255 352 270 352 270 364 255 364 airplane 0
315.99999999999994 307 343 307 343 330 315.99999999999994 330 airplane 0
357 319 375 319 375 334 357 334 airplane 0
375 322 392 322 392 337 375 337 airplane 0
270 258 307 258 307 293 270 293 airplane 0
302 218 326 218 326 239 302 239 airplane 0
324 228 340 228 340 243.00000000000003 324 243.00000000000003 airplane 0
338 239 351 239 351 254 338 254 airplane 0
337 184 367 184 367 212 337 212 airplane 0
358 199 383 199 383 223 358 223 airplane 0
384 145 406 145 406 165 384 165 airplane 0
389 127 413 127 413 146 389 146 airplane 0
402 105 426 105 426 128 402 128 airplane 0
420 95 432 95 432 106 420 106 airplane 0