107 541 129 541 129 570 107 570 airplane 0
274 484 301 484 301 511 274 511 airplane 0
305 483.00000000000006 331 483.00000000000006 331 507 305 507 airplane 0
331 481 358 481 358 506 331 506 airplane 0
359.00000000000006 477 385.00000000000006 477 385.00000000000006 501 359.00000000000006 501 airplane 0
386 430 420 430 420 462.99999999999994 386 462.99999999999994 airplane 0
387.99999999999994 387.99999999999994 416.99999999999994 387.99999999999994 416.99999999999994 426 387.99999999999994 426 airplane 0
481 425 503 425 503 452 481 452 airplane 0
473 454 495 454 495 480 473 480 airplane 0
464 485 486.00000000000006 485 486.00000000000006 510 464 510 airplane 0
450 509.00000000000006 472 509.00000000000006 472 536 450 536 airplane 0
494 363 525 363 525 396 494 396 airplane 0
480 330 506 330 506 360 480 360 airplane 0
471 290 497 290 497 315.99999999999994 471 315.99999999999994 airplane 0
447 262 476 262 476 291 447 291 airplane 0
425 236 452 236 452 262 425 262 airplane 0
372 221 402 221 402 251 372 251 airplane 0
345 241 375 241 375 269 345 269 airplane 0
373 272 402 272 402 304 373 304 airplane 0
400 312.99999999999994 433 312.99999999999994 433 341.99999999999994 400 341.99999999999994 airplane 0
343 282 366 282 366 302 343 302 airplane 0
317 277 341 277 341 300 317 300 airplane 0
320 298 345 298 345 319 320 319 airplane 0
307 314 336.00000000000006 314 336.00000000000006 335 307 335 airplane 0
282 362.00000000000006 317 362.00000000000006 317 390.99999999999994 282 390.99999999999994 airplane 0