291 124 320 124 320 154 291 154 airplane 0
200 138 229 138 229 172 200 172 airplane 0
124 148 144 148 144 170 124 170 airplane 0
77 140 108 140 108 170.99999999999997 77 170.99999999999997 airplane 0
522 142 538 142 538 161 522 161 airplane 0
507 146 516 146 516 157 507 157 airplane 0
486.00000000000006 146 500 146 500 159 486.00000000000006 159 airplane 0
490 213 513 213 513 243.00000000000003 490 243.00000000000003 airplane 0
467 212 490 212 490 244 467 244 airplane 0
442 214 462 214 462 243.00000000000003 442 243.00000000000003 airplane 0
416.99999999999994 215 437.00000000000006 215 437.00000000000006 244 416.99999999999994 244 airplane 0
386 210 412 210 412 241 386 241 airplane 0
553 235 578 235 578 258 553 258 airplane 0
552 261 577 261 577 281 552 281 airplane 0
469 269 485 269 485 289 469 289 airplane 0
439.99999999999994 270 456 270 456 290 439.99999999999994 290 airplane 0
419 271 435 271 435 289 419 289 airplane 0
509.00000000000006 93 528 93 528 114 509.00000000000006 114 airplane 0
571 122.99999999999999 589 122.99999999999999 589 140 571 140 airplane 0
432 120 448 120 448 137 432 137 airplane 0
595 334 599 334 599 351 595 351 airplane 0
581 111 597 111 597 122.99999999999999 581 122.99999999999999 airplane 0