240 383 267 383 267 404 240 404 airplane 0
103 299 124 299 124 320 103 320 airplane 0
238 245 259 245 259 265 238 265 airplane 0
336.00000000000006 213 370 213 370 250 336.00000000000006 250 airplane 0
219.99999999999997 10 241 10 241 27 219.99999999999997 27 airplane 0
223 32 242 32 242 50 223 50 airplane 0
453 275 480 275 480 302 453 302 airplane 0
516 354 535 354 535 377 516 377 airplane 0
574 432 590 432 590 454 574 454 airplane 0
464 413.99999999999994 482 413.99999999999994 482 431 464 431 airplane 0
409 327 427 327 427 347 409 347 airplane 0
432 299 450 299 450 322 432 322 airplane 0
393 293 413.99999999999994 293 413.99999999999994 312 393 312 airplane 0
312 251 336.00000000000006 251 336.00000000000006 280 312 280 airplane 0
202 344 224 344 224 364.99999999999994 202 364.99999999999994 airplane 0
416 108 433 108 433 120 416 120 airplane 0
501 382 519 382 519 398 501 398 airplane 0
390 351 405 351 405 372 390 372 airplane 0
274 289 291 289 291 308 274 308 airplane 0
241 109.99999999999999 262 109.99999999999999 262 128 241 128 airplane 0
291 127 310.00000000000006 127 310.00000000000006 146 291 146 airplane 0
303 145 322 145 322 164 303 164 airplane 0
270 311 289 311 289 326 270 326 airplane 0
178 338 200 338 200 358 178 358 airplane 0
219.99999999999997 326 238 326 238 344 219.99999999999997 344 airplane 0
241 323 260 323 260 343 241 343 airplane 0
147 305 164 305 164 323 147 323 airplane 0
355 189 372 189 372 208 355 208 airplane 0
262 88 283 88 283 106 262 106 airplane 0