129 264 148 264 148 285 129 285 airplane 0
149 265 167 265 167 284 149 284 airplane 0
208 317 225 317 225 334 208 334 airplane 0
209 265 224 265 224 283 209 283 airplane 0
226 266 244 266 244 282 226 282 airplane 0
373 172 385.00000000000006 172 385.00000000000006 185 373 185 airplane 0
394 170.99999999999997 410 170.99999999999997 410 185 394 185 airplane 0
413.99999999999994 169 428 169 428 184 413.99999999999994 184 airplane 0
445 162 464 162 464 183 445 183 airplane 0
464 169 483.00000000000006 169 483.00000000000006 190 464 190 airplane 0
358 264 375 264 375 282 358 282 airplane 0
306 324 321 324 321 340 306 340 airplane 0
325 317 338.99999999999994 317 338.99999999999994 336.00000000000006 325 336.00000000000006 airplane 0
520 431 537 431 537 446 520 446 airplane 0
563 372 577 372 577 385.00000000000006 563 385.00000000000006 airplane 0
74 462.99999999999994 90 462.99999999999994 90 485 74 485 airplane 0
151 465 169 465 169 484 151 484 airplane 0
228 462.99999999999994 248 462.99999999999994 248 484 228 484 airplane 0
314 465 328 465 328 485 314 485 airplane 0
329 465 346 465 346 484 329 484 airplane 0
348 461 366 461 366 484 348 484 airplane 0
390.99999999999994 464 406 464 406 480 390.99999999999994 480 airplane 0
412 465.99999999999994 423 465.99999999999994 423 479 412 479 airplane 0
438 467 452 467 452 480 438 480 airplane 0
457 464 470 464 470 478 457 478 airplane 0
472 465 483.00000000000006 465 483.00000000000006 478 472 478 airplane 0
486.00000000000006 464 496 464 496 479 486.00000000000006 479 airplane 0
510 464 521 464 521 478 510 478 airplane 0
536 462 548 462 548 475 536 475 airplane 0
552 461 564 461 564 475 552 475 airplane 0
567 464 578 464 578 476 567 476 airplane 0
580 462 595 462 595 475 580 475 airplane 0
154 533 172 533 172 552 154 552 airplane 0
174 533 191 533 191 551 174 551 airplane 0
195 535 211 535 211 552 195 552 airplane 0
219 530 248 530 248 555 219 555 airplane 0
254 527 271 527 271 544 254 544 airplane 0
319 526 338 526 338 554 319 554 airplane 0
347 526 368 526 368 555 347 555 airplane 0
371 532 387 532 387 550 371 550 airplane 0
392 533 411.00000000000006 533 411.00000000000006 549 392 549 airplane 0
413.99999999999994 563 429 563 429 579 413.99999999999994 579 airplane 0
429 530 439.99999999999994 530 439.99999999999994 546 429 546 airplane 0
441 529 454 529 454 545 441 545 airplane 0
500 530 514 530 514 546 500 546 airplane 0
514 550 528 550 528 565 514 565 airplane 0
523 522 535 522 535 538 523 538 airplane 0
537 523 546 523 546 537 537 537 airplane 0
553 550 564 550 564 566 553 566 airplane 0
528 550 539 550 539 565 528 565 airplane 0
540 549 551 549 551 563 540 563 airplane 0
565 549 576 549 576 566 565 566 airplane 0
578 550 589 550 589 564 578 564 airplane 0
597 525 599 525 599 539 597 539 airplane 0
595 536 599 536 599 547 595 547 airplane 0
582 521 597 521 597 536 582 536 airplane 0
589 547 599 547 599 564 589 564 airplane 0
570 520 584 520 584 535 570 535 airplane 0