0 519 23 519 23 543 0 543 airplane 0
60 509.00000000000006 74 509.00000000000006 74 528 60 528 airplane 0
68 458 80 458 80 473 68 473 airplane 0
8 436 29 436 29 455 8 455 airplane 0
11 402 35 402 35 430 11 430 airplane 0
77 376 91 376 91 393 77 393 airplane 0
84.00000000000001 322 96 322 96 340 84.00000000000001 340 airplane 0
21.000000000000004 357 44 357 44 374 21.000000000000004 374 airplane 0
90 256 106 256 106 275 90 275 airplane 0
106 205 122.99999999999999 205 122.99999999999999 222 106 222 airplane 0
153 211 176 211 176 238 153 238 airplane 0
206.99999999999997 151 232.99999999999997 151 232.99999999999997 177 206.99999999999997 177 airplane 0
212 125 231 125 231 142 212 142 airplane 0
261 131 279 131 279 147 261 147 airplane 0
216 185 239 185 239 212 216 212 airplane 0
350 115.00000000000001 378 115.00000000000001 378 137 350 137 airplane 0
346 78 362.00000000000006 78 362.00000000000006 94 346 94 airplane 0
332 64 352 64 352 81 332 81 airplane 0
312.99999999999994 43 333.00000000000006 43 333.00000000000006 65 312.99999999999994 65 airplane 0
276 14 296 14 296 38 276 38 airplane 0
544 46 562 46 562 68 544 68 airplane 0
522 54 539 54 539 77 522 77 airplane 0
477 78.99999999999999 494 78.99999999999999 494 99 477 99 airplane 0
465 91 479 91 479 108 465 108 airplane 0
456 108 469 108 469 124 456 124 airplane 0
442 127 464 127 464 149 442 149 airplane 0
439 176 458 176 458 191 439 191 airplane 0
437.00000000000006 202 454 202 454 219 437.00000000000006 219 airplane 0
434.00000000000006 230.00000000000003 451 230.00000000000003 451 242 434.00000000000006 242 airplane 0
430 264 446 264 446 277 430 277 airplane 0
426 292 442 292 442 306 426 306 airplane 0
347 151 367 151 367 167 347 167 airplane 0
347 175 364 175 364 190 347 190 airplane 0
341.99999999999994 200 366 200 366 219.99999999999997 341.99999999999994 219.99999999999997 airplane 0
331 384 348 384 348 400 331 400 airplane 0
314 439 338 439 338 465.99999999999994 314 465.99999999999994 airplane 0
315.99999999999994 468 333.00000000000006 468 333.00000000000006 482 315.99999999999994 482 airplane 0
312.99999999999994 491 333.00000000000006 491 333.00000000000006 505 312.99999999999994 505 airplane 0
258 432 282 432 282 458 258 458 airplane 0
215 485 230.00000000000003 485 230.00000000000003 502 215 502 airplane 0
298 587 325 587 325 600 298 600 airplane 0
392 589 411.00000000000006 589 411.00000000000006 599 392 599 airplane 0
458 501 475 501 475 514 458 514 airplane 0
423 405 443 405 443 420 423 420 airplane 0
401 423 416 423 416 439 401 439 airplane 0
397 475 421 475 421 495 397 495 airplane 0
432 488 444 488 444 504 432 504 airplane 0
505 304 527 304 527 324 505 324 airplane 0
547 335 562 335 562 352 547 352 airplane 0
532 197 547 197 547 211 532 211 airplane 0
568 193 590 193 590 222 568 222 airplane 0