247 22 267 22 267 40 247 40 airplane 0
439 215 459 215 459 234 439 234 airplane 0
274 219.99999999999997 292 219.99999999999997 292 241 274 241 airplane 0
439.99999999999994 317 461 317 461 341 439.99999999999994 341 airplane 0
413.99999999999994 315 436 315 436 341.99999999999994 413.99999999999994 341.99999999999994 airplane 0
330 312.99999999999994 352 312.99999999999994 352 338.99999999999994 330 338.99999999999994 airplane 0
307 314 328 314 328 338.99999999999994 307 338.99999999999994 airplane 0
284 315.99999999999994 305 315.99999999999994 305 340 284 340 airplane 0
256 315.99999999999994 278 315.99999999999994 278 343 256 343 airplane 0
231 317 253 317 253 343 231 343 airplane 0
206.99999999999997 319 229 319 229 343 206.99999999999997 343 airplane 0
92 299 111 299 111 319 92 319 airplane 0
142 291 164 291 164 309 142 309 airplane 0
140 264 162 264 162 288 140 288 airplane 0
140 240 160 240 160 258 140 258 airplane 0
144 338.99999999999994 165 338.99999999999994 165 361 144 361 airplane 0
148 371 167 371 167 387.99999999999994 148 387.99999999999994 airplane 0
150 416.99999999999994 169 416.99999999999994 169 438 150 438 airplane 0