429 296 456 296 456 324 429 324 airplane 0
354 231 378 231 378 259 354 259 airplane 0
325 210 354 210 354 238 325 238 airplane 0
201 98 230.00000000000003 98 230.00000000000003 129 201 129 airplane 0
162 138 191 138 191 167 162 167 airplane 0
154 201 196 201 196 248 154 248 airplane 0
122 192 149 192 149 219.99999999999997 122 219.99999999999997 airplane 0
193 251 221 251 221 280 193 280 airplane 0
174 76 203 76 203 104 174 104 airplane 0
149 54.99999999999999 175 54.99999999999999 175 82 149 82 airplane 0
122 34 147 34 147 58 122 58 airplane 0
94 10 122 10 122 38 94 38 airplane 0
273 321 302 321 302 349 273 349 airplane 0
307 346 333.00000000000006 346 333.00000000000006 375 307 375 airplane 0
337 371 366 371 366 406 337 406 airplane 0
371 403 395 403 395 433 371 433 airplane 0
403 430 430 430 430 462 403 462 airplane 0
549 413.99999999999994 577 413.99999999999994 577 446 549 446 airplane 0
576 438 599 438 599 472 576 472 airplane 0