522 237 554 237 554 261 522 261 airplane 0
515 268 544 268 544 292 515 292 airplane 0
505 295 535 295 535 319 505 319 airplane 0
462.99999999999994 353 488.99999999999994 353 488.99999999999994 375 462.99999999999994 375 airplane 0
533 371 552 371 552 390 533 390 airplane 0
558 382 585 382 585 409 558 409 airplane 0
585 387.99999999999994 599 387.99999999999994 599 415 585 415 airplane 0
548 487 574 487 574 513 548 513 airplane 0
539 522 567 522 567 550 539 550 airplane 0
523 437.00000000000006 551 437.00000000000006 551 465 523 465 airplane 0
497 429 523 429 523 457 497 457 airplane 0
465.99999999999994 462.99999999999994 496 462.99999999999994 496 490 465.99999999999994 490 airplane 0
390 401 413 401 413 427 390 427 airplane 0
451 346 465.99999999999994 346 465.99999999999994 362.00000000000006 451 362.00000000000006 airplane 0
441 353 454 353 454 369 441 369 airplane 0
392 331 416.99999999999994 331 416.99999999999994 354 392 354 airplane 0
338 99 369 99 369 124 338 124 airplane 0
330 126 359.00000000000006 126 359.00000000000006 149 330 149 airplane 0
310.00000000000006 185 344 185 344 210 310.00000000000006 210 airplane 0
291 251 322 251 322 275 291 275 airplane 0
282 285 312 285 312 314 282 314 airplane 0
275 345 297 345 297 363 275 363 airplane 0
249 222 261 222 261 231 249 231 airplane 0
261 216 276 216 276 229 261 229 airplane 0
266 204.00000000000003 280 204.00000000000003 280 216 266 216 airplane 0
254 192 270 192 270 205 254 205 airplane 0
271 191 286 191 286 203 271 203 airplane 0
276 177 291 177 291 187 276 187 airplane 0
276 162 293 162 293 176 276 176 airplane 0
267 134 299 134 299 160 267 160 airplane 0
205 144 236 144 236 168.00000000000003 205 168.00000000000003 airplane 0
202 168.00000000000003 216 168.00000000000003 216 180 202 180 airplane 0
213 176 224 176 224 188 213 188 airplane 0
206.99999999999997 190 223 190 223 202 206.99999999999997 202 airplane 0
198 179 212 179 212 193 198 193 airplane 0
201 205 217.00000000000003 205 217.00000000000003 219 201 219 airplane 0
192 193 206 193 206 206 192 206 airplane 0
7 69 25 69 25 84.00000000000001 7 84.00000000000001 airplane 0
1 71 7 71 7 86 1 86 airplane 0
6 86 20 86 20 99 6 99 airplane 0
1 98 15 98 15 116 1 116 airplane 0