149 361 181.00000000000003 361 181.00000000000003 386 149 386 airplane 0
144 274 164 274 164 296 144 296 airplane 0
318 237 332 237 332 257 318 257 airplane 0
371 241 385.00000000000006 241 385.00000000000006 263 371 263 airplane 0
56 206 91 206 91 244 56 244 airplane 0
294 51.00000000000001 314 51.00000000000001 314 73 294 73 airplane 0
62 111 78 111 78 141 62 141 airplane 0
204.00000000000003 508 222 508 222 528 204.00000000000003 528 airplane 0
210 562 234 562 234 583 210 583 airplane 0
225 537 245.99999999999997 537 245.99999999999997 558 225 558 airplane 0
176 461 198 461 198 482 176 482 airplane 0
272 182 290 182 290 202 272 202 airplane 0
59 1 89 1 89 21.000000000000004 59 21.000000000000004 airplane 0