499 315.99999999999994 571 315.99999999999994 571 401 499 401 airplane 0
518 227 599 227 599 317 518 317 airplane 0
356 260 408.00000000000006 260 408.00000000000006 307 356 307 airplane 0
533 77 582 77 582 122 533 122 airplane 0
476 76 532 76 532 127 476 127 airplane 0
439.99999999999994 45 490 45 490 87 439.99999999999994 87 airplane 0
136 143 173 143 173 197 136 197 airplane 0
102.00000000000001 239 141 239 141 296 102.00000000000001 296 airplane 0
93 310.00000000000006 126 310.00000000000006 126 357 93 357 airplane 0
72 354 113 354 113 413 72 413 airplane 0
58 411.00000000000006 99 411.00000000000006 99 462 58 462 airplane 0
37 473 83 473 83 532 37 532 airplane 0
138 28 179 28 179 78.99999999999999 138 78.99999999999999 airplane 0
9 118 58 118 58 176 9 176 airplane 0