80 371 111 371 111 411.00000000000006 80 411.00000000000006 airplane 0
157 381 190 381 190 413.99999999999994 157 413.99999999999994 airplane 0
197 381 231 381 231 418 197 418 airplane 0
229 376 264 376 264 413.99999999999994 229 413.99999999999994 airplane 0
295 373 330 373 330 411.00000000000006 295 411.00000000000006 airplane 0
334 370 368 370 368 409 334 409 airplane 0
370 366 401 366 401 408.00000000000006 370 408.00000000000006 airplane 0
476 237 516 237 516 266 476 266 airplane 0
478 269 518 269 518 301 478 301 airplane 0
487 343 516 343 516 373 487 373 airplane 0
485 379 520 379 520 408.00000000000006 485 408.00000000000006 airplane 0
561 400 590 400 590 433 561 433 airplane 0
403 369 433 369 433 404 403 404 airplane 0
82 521 115.00000000000001 521 115.00000000000001 544 82 544 airplane 0
399 458 420 458 420 486.00000000000006 399 486.00000000000006 airplane 0
491.99999999999994 483.00000000000006 533 483.00000000000006 533 513 491.99999999999994 513 airplane 0
488.99999999999994 419 520 419 520 439.99999999999994 488.99999999999994 439.99999999999994 airplane 0