39 251 72 251 72 285 39 285 airplane 0
44 210 78 210 78 245 44 245 airplane 0
136 197 169 197 169 232 136 232 airplane 0
170 202 204.00000000000003 202 204.00000000000003 235 170 235 airplane 0
129 263 152 263 152 289 129 289 airplane 0
156 265 174 265 174 293 156 293 airplane 0
271 213 300 213 300 245 271 245 airplane 0
302 217.00000000000003 326 217.00000000000003 326 245.99999999999997 302 245.99999999999997 airplane 0
424 226 444 226 444 245.99999999999997 424 245.99999999999997 airplane 0
447 231 465 231 465 248 447 248 airplane 0
490 240 509.00000000000006 240 509.00000000000006 256 490 256 airplane 0
511 243.00000000000003 530 243.00000000000003 530 258 511 258 airplane 0
532 245.99999999999997 549 245.99999999999997 549 261 532 261 airplane 0
565 254 580 254 580 266 565 266 airplane 0
583 258 597 258 597 268 583 268 airplane 0