303 405 327 405 327 431 303 431 airplane 0
263 442 284 442 284 465 263 465 airplane 0
204.00000000000003 496 222 496 222 509.00000000000006 204.00000000000003 509.00000000000006 airplane 0
370 353 389 353 389 374 370 374 airplane 0
333.00000000000006 394 347 394 347 408.00000000000006 333.00000000000006 408.00000000000006 airplane 0
219 458 232 458 232 469 219 469 airplane 0
195 473 206.99999999999997 473 206.99999999999997 485 195 485 airplane 0
443 300 457 300 457 311 443 311 airplane 0
228 510 240 510 240 523 228 523 airplane 0
444 322 457 322 457 334 444 334 airplane 0
395 309 405 309 405 319 395 319 airplane 0
329 371 343 371 343 384 329 384 airplane 0
267 422 279 422 279 434.00000000000006 267 434.00000000000006 airplane 0