324 521 364.99999999999994 521 364.99999999999994 571 324 571 airplane 0
366 491.99999999999994 409 491.99999999999994 409 543 366 543 airplane 0
416 455 476 455 476 514 416 514 airplane 0
133 318 166 318 166 355 133 355 airplane 0
157.99999999999997 270 193.99999999999997 270 193.99999999999997 305 157.99999999999997 305 airplane 0
37 167 95 167 95 218 37 218 airplane 0
96.99999999999999 126 146 126 146 172 96.99999999999999 172 airplane 0
206 228 263 228 263 293 206 293 airplane 0
264 184 318 184 318 242 264 242 airplane 0
320 136 371 136 371 197 320 197 airplane 0
380 1 418 1 418 37 380 37 airplane 0
291 331 352 331 352 394 291 394 airplane 0
400 337 462.99999999999994 337 462.99999999999994 401 400 401 airplane 0
0 576 9 576 9 599 0 599 airplane 0