346 4 372 4 372 26 346 26 airplane 0
583 147 599 147 599 165 583 165 airplane 0
589 356 599 356 599 372 589 372 airplane 0
403 577 441 577 441 599 403 599 airplane 0
400 497 430 497 430 525 400 525 airplane 0
344 477 372 477 372 507 344 507 airplane 0
292 481 318 481 318 507 292 507 airplane 0
336.00000000000006 421 356 421 356 445 336.00000000000006 445 airplane 0
375 352 406 352 406 376 375 376 airplane 0
361 287 386 287 386 310.00000000000006 361 310.00000000000006 airplane 0
245.99999999999997 271 272 271 272 292 245.99999999999997 292 airplane 0
196 300 241 300 241 348 196 348 airplane 0
240 245.99999999999997 270 245.99999999999997 270 270 240 270 airplane 0
231 208 272 208 272 244 231 244 airplane 0
320 205 345 205 345 230.00000000000003 320 230.00000000000003 airplane 0
338 133 366 133 366 156 338 156 airplane 0
211 36 249 36 249 72 211 72 airplane 0
260 22 288 22 288 42.00000000000001 260 42.00000000000001 airplane 0
328 9 344 9 344 27 328 27 airplane 0
292 17 317 17 317 40 292 40 airplane 0
193 488.99999999999994 208 488.99999999999994 208 508 193 508 airplane 0