102.00000000000001 412 119 412 119 434.00000000000006 102.00000000000001 434.00000000000006 airplane 0
46 406 65 406 65 432 46 432 airplane 0
323 386 341 386 341 406 323 406 airplane 0
163 357 211 357 211 404 163 404 airplane 0
301 366 325 366 325 390.99999999999994 301 390.99999999999994 airplane 0
375 344 394 344 394 359.00000000000006 375 359.00000000000006 airplane 0
179 324 210 324 210 352 179 352 airplane 0
377 312 407 312 407 340 377 340 airplane 0
301 309 330 309 330 338.99999999999994 301 338.99999999999994 airplane 0
228 293 253 293 253 320 228 320 airplane 0
387.99999999999994 283 416 283 416 310.00000000000006 387.99999999999994 310.00000000000006 airplane 0
310.00000000000006 280 338 280 338 309 310.00000000000006 309 airplane 0
193 264 223 264 223 293 193 293 airplane 0
315 247 347 247 347 275 315 275 airplane 0
407 235 451 235 451 278 407 278 airplane 0
327 212 355 212 355 240 327 240 airplane 0
213 172 248 172 248 201 213 201 airplane 0
82 552 107 552 107 571 82 571 airplane 0
337 167 364 167 364 195 337 195 airplane 0
349 136 374 136 374 161 349 161 airplane 0
239 113 257 113 257 131 239 131 airplane 0
424 90 469 90 469 134 424 134 airplane 0
237 78.99999999999999 265 78.99999999999999 265 105 237 105 airplane 0
364.99999999999994 61 392 61 392 86 364.99999999999994 86 airplane 0
244 50 272 50 272 76 244 76 airplane 0
435 46 457 46 457 65 435 65 airplane 0
572 36 586 36 586 56 572 56 airplane 0
247 23 278 23 278 49 247 49 airplane 0
444 21.000000000000004 465 21.000000000000004 465 42.00000000000001 444 42.00000000000001 airplane 0
209 13 229 13 229 31 209 31 airplane 0
235 5 257 5 257 32 235 32 airplane 0
433 4 456 4 456 21.000000000000004 433 21.000000000000004 airplane 0
411.00000000000006 1 429 1 429 16 411.00000000000006 16 airplane 0