311 419 327 419 327 434.00000000000006 311 434.00000000000006 airplane 0
279 439.99999999999994 293 439.99999999999994 293 456 279 456 airplane 0
244 459 261 459 261 475 244 475 airplane 0
227 469 243.00000000000003 469 243.00000000000003 486.00000000000006 227 486.00000000000006 airplane 0
193.99999999999997 488.99999999999994 208 488.99999999999994 208 506 193.99999999999997 506 airplane 0
174 497 189 497 189 514 174 514 airplane 0
160 509.00000000000006 176 509.00000000000006 176 525 160 525 airplane 0
211 530 229 530 229 549 211 549 airplane 0
230.00000000000003 521 247 521 247 540 230.00000000000003 540 airplane 0
281 488.99999999999994 297 488.99999999999994 297 508 281 508 airplane 0
298 479 315 479 315 498 298 498 airplane 0