323 115.00000000000001 337 115.00000000000001 337 130 323 130 airplane 0
348 68 366 68 366 90 348 90 airplane 0
409 32 427 32 427 52 409 52 airplane 0
429 88 450 88 450 107 429 107 airplane 0
513 120 528 120 528 137 513 137 airplane 0
539 200 554 200 554 219 539 219 airplane 0
213 312 226 312 226 328 213 328 airplane 0
256 308 271 308 271 323 256 323 airplane 0
290 322 306 322 306 338 290 338 airplane 0
312 324 332 324 332 338 312 338 airplane 0
433 333.00000000000006 447 333.00000000000006 447 346 433 346 airplane 0
378 328 392 328 392 345 378 345 airplane 0
341 336.00000000000006 359.00000000000006 336.00000000000006 359.00000000000006 355 341 355 airplane 0
280 95 297 95 297 108 280 108 airplane 0
270 167 282 167 282 181.00000000000003 270 181.00000000000003 airplane 0
261 200 274 200 274 214 261 214 airplane 0
254 234 269 234 269 250 254 250 airplane 0
249 253 267 253 267 265 249 265 airplane 0
336.00000000000006 7 353 7 353 24 336.00000000000006 24 airplane 0
104 283 122 283 122 305 104 305 airplane 0
147 250 160 250 160 265 147 265 airplane 0
151 238 165 238 165 252 151 252 airplane 0
161 248 176 248 176 259 161 259 airplane 0
119 312.99999999999994 125 312.99999999999994 125 322 119 322 airplane 0
109 309 118 309 118 319 109 319 airplane 0
153 288 163 288 163 301 153 301 airplane 0
161 280 176 280 176 294 161 294 airplane 0
163 292 182 292 182 301 163 301 airplane 0
162 310.00000000000006 179 310.00000000000006 179 320 162 320 airplane 0
116 228 131 228 131 241 116 241 airplane 0
278 19 290 19 290 31 278 31 airplane 0
264 17 274 17 274 29 264 29 airplane 0
227 26 245 26 245 41 227 41 airplane 0
131 206 144 206 144 219.99999999999997 131 219.99999999999997 airplane 0
109.99999999999999 217.00000000000003 125 217.00000000000003 125 231 109.99999999999999 231 airplane 0
122 211 134 211 134 222 122 222 airplane 0
141 213 153 213 153 226 141 226 airplane 0