317 101 341 101 341 119 317 119 airplane 0
163 100 188 100 188 122.99999999999999 163 122.99999999999999 airplane 0
224 104 252 104 252 129 224 129 airplane 0
165 127 188 127 188 150 165 150 airplane 0
223 129 252 129 252 156 223 156 airplane 0
162 152 185 152 185 175 162 175 airplane 0
256 155.00000000000003 276 155.00000000000003 276 175 256 175 airplane 0
225 157.99999999999997 251 157.99999999999997 251 183 225 183 airplane 0
317 166 341 166 341 187 317 187 airplane 0
314 200 341.99999999999994 200 341.99999999999994 222 314 222 airplane 0
315 231 340 231 340 252 315 252 airplane 0
255 244 277 244 277 264 255 264 airplane 0
317 265 338.99999999999994 265 338.99999999999994 284 317 284 airplane 0
314 298 341 298 341 315.99999999999994 314 315.99999999999994 airplane 0
164 319 195 319 195 355 164 355 airplane 0
315.99999999999994 331 338.99999999999994 331 338.99999999999994 354 315.99999999999994 354 airplane 0
242 413 258 413 258 429 242 429 airplane 0
241 438 262 438 262 457 241 457 airplane 0
239 464 261 464 261 484 239 484 airplane 0
306 461 344 461 344 494 306 494 airplane 0
238 488.99999999999994 262 488.99999999999994 262 514 238 514 airplane 0
305 499 341.99999999999994 499 341.99999999999994 532 305 532 airplane 0
239 520 263 520 263 536 239 536 airplane 0
306 539 336.00000000000006 539 336.00000000000006 563 306 563 airplane 0
317 69 340 69 340 86 317 86 airplane 0
256 68 280 68 280 89 256 89 airplane 0
130 68 155.00000000000003 68 155.00000000000003 91 130 91 airplane 0
164 73 190 73 190 95 164 95 airplane 0
225 77 251 77 251 99 225 99 airplane 0