197 96.99999999999999 212 96.99999999999999 212 112 197 112 airplane 0
349 105 359.00000000000006 105 359.00000000000006 118 349 118 airplane 0
362.00000000000006 112 374 112 374 129 362.00000000000006 129 airplane 0
238 121 255 121 255 137 238 137 airplane 0
311 125 328 125 328 141 311 141 airplane 0
372 138 387.99999999999994 138 387.99999999999994 155.00000000000003 372 155.00000000000003 airplane 0
476 247 493 247 493 263 476 263 airplane 0
527 249 547 249 547 265 527 265 airplane 0
543 263 564 263 564 279 543 279 airplane 0
507 284 518 284 518 301 507 301 airplane 0
556 308 574 308 574 324 556 324 airplane 0
464 315 477 315 477 330 464 330 airplane 0