447 477 488 477 488 520 447 520 airplane 0
429 135 468 135 468 179 429 179 airplane 0
353 218 393 218 393 252 353 252 airplane 0
333.00000000000006 260 381 260 381 305 333.00000000000006 305 airplane 0
328 370 376 370 376 415 328 415 airplane 0
426 0 461 0 461 36 426 36 airplane 0
331 422 376 422 376 462.99999999999994 331 462.99999999999994 airplane 0
329 553 379 553 379 598 329 598 airplane 0
48 577 88 577 88 599 48 599 airplane 0
30 115.00000000000001 65 115.00000000000001 65 154 30 154 airplane 0
114 181.00000000000003 153 181.00000000000003 153 218 114 218 airplane 0
140 221 182 221 182 261 140 261 airplane 0
156 263 204.00000000000003 263 204.00000000000003 304 156 304 airplane 0
160 371 209 371 209 413.99999999999994 160 413.99999999999994 airplane 0
162 425 210 425 210 469 162 469 airplane 0
161 502 186 502 186 529 161 529 airplane 0