290 0 310.00000000000006 0 310.00000000000006 17 290 17 airplane 0
366 183 376 183 376 191 366 191 airplane 0
288 183 297 183 297 192 288 192 airplane 0
369 190 377 190 377 196 369 196 airplane 0
457 199 469 199 469 209 457 209 airplane 0
536 200 544 200 544 208 536 208 airplane 0
566 202 577 202 577 211 566 211 airplane 0
566 218 577 218 577 228 566 228 airplane 0
416.99999999999994 232 425 232 425 242 416.99999999999994 242 airplane 0
405 232.99999999999997 413 232.99999999999997 413 241 405 241 airplane 0
363 232 373 232 373 245 363 245 airplane 0
373 232.99999999999997 384 232.99999999999997 384 245 373 245 airplane 0
346 232 357 232 357 245.99999999999997 346 245.99999999999997 airplane 0
564 235 575 235 575 245 564 245 airplane 0
510 235 526 235 526 245 510 245 airplane 0
398 236 407 236 407 245 398 245 airplane 0
413 237 421 237 421 245 413 245 airplane 0
422 237 431 237 431 245.99999999999997 422 245.99999999999997 airplane 0
286 243.00000000000003 302 243.00000000000003 302 255 286 255 airplane 0
510 248 522 248 522 255 510 255 airplane 0
564 247 577 247 577 257 564 257 airplane 0
533 248 541 248 541 256 533 256 airplane 0
270 249 284 249 284 258 270 258 airplane 0
526 253 538 253 538 260 526 260 airplane 0
262 252 278 252 278 262 262 262 airplane 0
514 253 524 253 524 261 514 261 airplane 0
279 252 296 252 296 264 279 264 airplane 0
510 257 520 257 520 264 510 264 airplane 0
529 260 540 260 540 266 529 266 airplane 0
565 260 575 260 575 270 565 270 airplane 0
524 266 538 266 538 273 524 273 airplane 0
529 271 540 271 540 278 529 278 airplane 0
511 271 521 271 521 278 511 278 airplane 0
561 272 570 272 570 280 561 280 airplane 0
546 274 557 274 557 288 546 288 airplane 0
530 278 540 278 540 285 530 285 airplane 0
524 282 538 282 538 289 524 289 airplane 0
514 282 524 282 524 291 514 291 airplane 0
393 284 403 284 403 293 393 293 airplane 0
512 288 521 288 521 296 512 296 airplane 0
561 289 575 289 575 296 561 296 airplane 0
562 294 570 294 570 301 562 301 airplane 0
387.99999999999994 294 398 294 398 302 387.99999999999994 302 airplane 0
522 293 536 293 536 304 522 304 airplane 0
529 300 541 300 541 308 529 308 airplane 0
382 302 396 302 396 311 382 311 airplane 0
563 304 575 304 575 315 563 315 airplane 0
507 309 525 309 525 324 507 324 airplane 0
381 315 397 315 397 326 381 326 airplane 0
528 319 538 319 538 326 528 326 airplane 0
555 319 566 319 566 328 555 328 airplane 0
523 324 536 324 536 333.00000000000006 523 333.00000000000006 airplane 0
351 325 367 325 367 340 351 340 airplane 0
381 327 398 327 398 338.99999999999994 381 338.99999999999994 airplane 0
514 330 524 330 524 338.99999999999994 514 338.99999999999994 airplane 0
524 338.99999999999994 538 338.99999999999994 538 349 524 349 airplane 0
383 340 396 340 396 349 383 349 airplane 0
72 340 82 340 82 350 72 350 airplane 0
72 351 82 351 82 363 72 363 airplane 0
37 349 50 349 50 366 37 366 airplane 0
525 354 535 354 535 361 525 361 airplane 0
24 349 37 349 37 367 24 367 airplane 0
61 352 71 352 71 364.99999999999994 61 364.99999999999994 airplane 0
50 350 63 350 63 367 50 367 airplane 0
95 351 109.99999999999999 351 109.99999999999999 367 95 367 airplane 0
351 355 366 355 366 364.99999999999994 351 364.99999999999994 airplane 0
116 352 129 352 129 369 116 369 airplane 0
143 354 157.99999999999997 354 157.99999999999997 370 143 370 airplane 0
195 355 208 355 208 370 195 370 airplane 0
157.99999999999997 354 173 354 173 371 157.99999999999997 371 airplane 0
129 354 142 354 142 371 129 371 airplane 0
186 362.00000000000006 193.99999999999997 362.00000000000006 193.99999999999997 371 186 371 airplane 0
525 368 536 368 536 378 525 378 airplane 0
348 366 366 366 366 381 348 381 airplane 0
384 372 395 372 395 382 384 382 airplane 0
474 379 486.00000000000006 379 486.00000000000006 390.99999999999994 474 390.99999999999994 airplane 0
510 383 521 383 521 394 510 394 airplane 0
375 382 398 382 398 398 375 398 airplane 0
48 384 64 384 64 405 48 405 airplane 0
157 390 168.00000000000003 390 168.00000000000003 405 157 405 airplane 0
145 390 157 390 157 405 145 405 airplane 0
131 390.99999999999994 146 390.99999999999994 146 406 131 406 airplane 0
117 392 131 392 131 405 117 405 airplane 0
39 393 48 393 48 404 39 404 airplane 0
100 389 117 389 117 409 100 409 airplane 0
195 395 213 395 213 413 195 413 airplane 0
242 394 260 394 260 413.99999999999994 242 413.99999999999994 airplane 0
219 395 239 395 239 415 219 415 airplane 0
375 399 397 399 397 413 375 413 airplane 0
449 410 469 410 469 425 449 425 airplane 0
170 560 186 560 186 575 170 575 airplane 0
185 567 201 567 201 582 185 582 airplane 0
200 580 215 580 215 594 200 594 airplane 0
99 582 115.00000000000001 582 115.00000000000001 599 99 599 airplane 0
212 591 228 591 228 599 212 599 airplane 0