8 436 22 436 22 453 8 453 airplane 0
36 425 52 425 52 444 36 444 airplane 0
76 420 88 420 88 436 76 436 airplane 0
57 418 73 418 73 436 57 436 airplane 0
73 406 85 406 85 424 73 424 airplane 0
45 392 58 392 58 411.00000000000006 45 411.00000000000006 airplane 0
70 393 86 393 86 408.00000000000006 70 408.00000000000006 airplane 0
57 386 69 386 69 401 57 401 airplane 0
69 377 84.00000000000001 377 84.00000000000001 392 69 392 airplane 0
38 364 50 364 50 381 38 381 airplane 0
53 362.00000000000006 66 362.00000000000006 66 380 53 380 airplane 0
70 357 82 357 82 373 70 373 airplane 0
279 344 311 344 311 380 279 380 airplane 0
44 345 57 345 57 358 44 358 airplane 0
425 250 443 250 443 272 425 272 airplane 0
34 25 42.00000000000001 25 42.00000000000001 34 34 34 airplane 0
47 22 54 22 54 31 47 31 airplane 0
72 19 78.99999999999999 19 78.99999999999999 30 72 30 airplane 0
59 19 67 19 67 28 59 28 airplane 0
82 18 92 18 92 28 82 28 airplane 0
96 15 102.00000000000001 15 102.00000000000001 27 96 27 airplane 0