248 78 274 78 274 96.99999999999999 248 96.99999999999999 airplane 0
416.99999999999994 76 445 76 445 102.00000000000001 416.99999999999994 102.00000000000001 airplane 0
347 81 377 81 377 109 347 109 airplane 0
416.99999999999994 107 442 107 442 132 416.99999999999994 132 airplane 0
346 109 378 109 378 139 346 139 airplane 0
420 134 446 134 446 160 420 160 airplane 0
320 138 341.99999999999994 138 341.99999999999994 160 320 160 airplane 0
348 140 377 140 377 168.00000000000003 348 168.00000000000003 airplane 0
248 150 274 150 274 173 248 173 airplane 0
247 186 278 186 278 211 247 211 airplane 0
249 222 277 222 277 245 249 245 airplane 0
318 235 343 235 343 257 318 257 airplane 0
250 258 275 258 275 279 250 279 airplane 0
248 295 278 295 278 315 248 315 airplane 0
409 319 444 319 444 359.00000000000006 409 359.00000000000006 airplane 0
250 331 276 331 276 357 250 357 airplane 0
338.99999999999994 423 357 423 357 439.99999999999994 338.99999999999994 439.99999999999994 airplane 0
335 450 358 450 358 471 335 471 airplane 0
336.00000000000006 479 360 479 360 501 336.00000000000006 501 airplane 0
245 475 286 475 286 512 245 512 airplane 0
335 506 361 506 361 534 335 534 airplane 0
247 518 287 518 287 554 247 554 airplane 0
334 541 360 541 360 558 334 558 airplane 0
254 562 286 562 286 588 254 588 airplane 0
249 43 275 43 275 61 249 61 airplane 0
315 42.00000000000001 341.99999999999994 42.00000000000001 341.99999999999994 65 315 65 airplane 0
453 42.00000000000001 481 42.00000000000001 481 67 453 67 airplane 0
415 46 444 46 444 71 415 71 airplane 0
348 51.00000000000001 377 51.00000000000001 377 75 348 75 airplane 0