284 83 301 83 301 99 284 99 airplane 0
289 119 318 119 318 147 289 147 airplane 0
290 160 321 160 321 189 290 189 airplane 0
245.99999999999997 206 277 206 277 238 245.99999999999997 238 airplane 0
141 119 172 119 172 148 141 148 airplane 0
141 155.00000000000003 172 155.00000000000003 172 186 141 186 airplane 0
208 156 237 156 237 183 208 183 airplane 0
206.99999999999997 198 238 198 238 227 206.99999999999997 227 airplane 0
140 196 172 196 172 224 140 224 airplane 0
1 200 33 200 33 239 1 239 airplane 0
2 163 33 163 33 201 2 201 airplane 0
63 175 96 175 96 204.00000000000003 63 204.00000000000003 airplane 0
62 206 93 206 93 232 62 232 airplane 0
59 326 87 326 87 356 59 356 airplane 0
1 338.99999999999994 28 338.99999999999994 28 364.99999999999994 1 364.99999999999994 airplane 0
354 130 379 130 379 153 354 153 airplane 0
351 157.99999999999997 383 157.99999999999997 383 186 351 186 airplane 0
289 204.00000000000003 318 204.00000000000003 318 232 289 232 airplane 0
292 242 318 242 318 265 292 265 airplane 0
206.99999999999997 243.00000000000003 238 243.00000000000003 238 271 206.99999999999997 271 airplane 0
144 238 173 238 173 260 144 260 airplane 0
141 277 172 277 172 302 141 302 airplane 0
208 277 240 277 240 305 208 305 airplane 0
209 307 238 307 238 338 209 338 airplane 0
210 338 238 338 238 366 210 366 airplane 0
287 309 319 309 319 340 287 340 airplane 0
249 338.99999999999994 276 338.99999999999994 276 368 249 368 airplane 0
30 375 58 375 58 408.00000000000006 30 408.00000000000006 airplane 0
1 375 28 375 28 409 1 409 airplane 0
138 308 167 308 167 338 138 338 airplane 0
140 340 169 340 169 367 140 367 airplane 0
144 372 167 372 167 394 144 394 airplane 0
209 371 235 371 235 394 209 394 airplane 0
385.00000000000006 362.00000000000006 413.99999999999994 362.00000000000006 413.99999999999994 397 385.00000000000006 397 airplane 0
476 544 495 544 495 558 476 558 airplane 0
349 369 378 369 378 396 349 396 airplane 0
425 377 439.99999999999994 377 439.99999999999994 398 425 398 airplane 0
352 278 382 278 382 306 352 306 airplane 0
352 218 380 218 380 245 352 245 airplane 0
350 187 383 187 383 216 350 216 airplane 0
352 309 380 309 380 336.00000000000006 352 336.00000000000006 airplane 0
348 338 381 338 381 369 348 369 airplane 0
537 340 552 340 552 356 537 356 airplane 0
515 337 530 337 530 356 515 356 airplane 0
495 338.99999999999994 509.00000000000006 338.99999999999994 509.00000000000006 357 495 357 airplane 0
561 113 577 113 577 132 561 132 airplane 0
543 122.99999999999999 559 122.99999999999999 559 138 543 138 airplane 0
476 340 488.99999999999994 340 488.99999999999994 357 476 357 airplane 0
455 338.99999999999994 469 338.99999999999994 469 361 455 361 airplane 0
457 308 476 308 476 326 457 326 airplane 0
455 283 471 283 471 300 455 300 airplane 0
457 266 471 266 471 283 457 283 airplane 0
462.99999999999994 245.99999999999997 477 245.99999999999997 477 262 462.99999999999994 262 airplane 0
526 121 542 121 542 140 526 140 airplane 0
506 120 522 120 522 138 506 138 airplane 0
455 141 471 141 471 159 455 159 airplane 0
450 161 476 161 476 183 450 183 airplane 0