7 234 39 234 39 258 7 258 airplane 0
17 265 46 265 46 289 17 289 airplane 0
26 291 56 291 56 315 26 315 airplane 0
72 349 96.99999999999999 349 96.99999999999999 371 72 371 airplane 0
9 367 28 367 28 386 9 386 airplane 0
0 483.00000000000006 14 483.00000000000006 14 509.00000000000006 0 509.00000000000006 airplane 0
0 517 23 517 23 546 0 546 airplane 0
10 432 38 432 38 461 10 461 airplane 0
38 424 64 424 64 453 38 453 airplane 0
65 459 95 459 95 485 65 485 airplane 0
147 397 170 397 170 422 147 422 airplane 0
95 341.99999999999994 109.99999999999999 341.99999999999994 109.99999999999999 358 95 358 airplane 0
106 349 119 349 119 364.99999999999994 106 364.99999999999994 airplane 0
143 328 168.00000000000003 328 168.00000000000003 351 143 351 airplane 0
191 96.99999999999999 222 96.99999999999999 222 122 191 122 airplane 0
201 122.99999999999999 229 122.99999999999999 229 146 201 146 airplane 0
216 183 249 183 249 208 216 208 airplane 0
237 248 268 248 268 272 237 272 airplane 0
248 282 277 282 277 310.00000000000006 248 310.00000000000006 airplane 0
262 341 284 341 284 359.00000000000006 262 359.00000000000006 airplane 0
565 459 597 459 597 491 565 491 airplane 0
462.99999999999994 594 478 594 478 599 462.99999999999994 599 airplane 0
298 219 309 219 309 228 298 228 airplane 0
283 213 298 213 298 226 283 226 airplane 0
280 201 293 201 293 213 280 213 airplane 0
289 189 305 189 305 202 289 202 airplane 0
273 188 288 188 288 201 273 201 airplane 0
268 174 283 174 283 185 268 185 airplane 0
266 160 283 160 283 173 266 173 airplane 0
260 133 292 133 292 157.99999999999997 260 157.99999999999997 airplane 0
323 142 354 142 354 166 323 166 airplane 0
341.99999999999994 165 356 165 356 178 341.99999999999994 178 airplane 0
334 173 346 173 346 186 334 186 airplane 0
336.00000000000006 187 352 187 352 200 336.00000000000006 200 airplane 0
347 177 360 177 360 190 347 190 airplane 0
341 202 357 202 357 215 341 215 airplane 0
353 191 366 191 366 203 353 203 airplane 0
552 1 581 1 581 30 552 30 airplane 0
531 67 550 67 550 82 531 82 airplane 0
550 70 562 70 562 83 550 83 airplane 0
537 84.00000000000001 551 84.00000000000001 551 96.99999999999999 537 96.99999999999999 airplane 0
542 96 560 96 560 113 542 113 airplane 0
580 0 599 0 599 9 580 9 airplane 0
588 7 599 7 599 31 588 31 airplane 0