401 405 427 405 427 426 401 426 airplane 0
382 446 407 446 407 468 382 468 airplane 0
504 534 540 534 540 575 504 575 airplane 0
566 318 593 318 593 347 566 347 airplane 0
532 323 554 323 554 349 532 349 airplane 0
498 333.00000000000006 524 333.00000000000006 524 361 498 361 airplane 0
446 243.00000000000003 468 243.00000000000003 468 265 446 265 airplane 0
507 223 528 223 528 245 507 245 airplane 0
546 209 566 209 566 238 546 238 airplane 0
487 478 513 478 513 499 487 499 airplane 0
488 506 526 506 526 537 488 537 airplane 0