32 131 52 131 52 149 32 149 airplane 0
38 146 65 146 65 165 38 165 airplane 0
111 136 129 136 129 154 111 154 airplane 0
57 179 80 179 80 197 57 197 airplane 0
85 236 102.00000000000001 236 102.00000000000001 254 85 254 airplane 0
96.99999999999999 259 112 259 112 278 96.99999999999999 278 airplane 0
120 249 139 249 139 266 120 266 airplane 0
145 228 163 228 163 241 145 241 airplane 0
144 206.99999999999997 164 206.99999999999997 164 221 144 221 airplane 0
127 170 145 170 145 187 127 187 airplane 0
200 208 226 208 226 230.00000000000003 200 230.00000000000003 airplane 0
296 157 317 157 317 176 296 176 airplane 0
141 341.99999999999994 167 341.99999999999994 167 359.00000000000006 141 359.00000000000006 airplane 0
585 314 599 314 599 332 585 332 airplane 0
381 165 399 165 399 182 381 182 airplane 0
362.00000000000006 183 383 183 383 200 362.00000000000006 200 airplane 0
487 181.00000000000003 508 181.00000000000003 508 195 487 195 airplane 0
504 195 520 195 520 211 504 211 airplane 0
545 232.99999999999997 567 232.99999999999997 567 256 545 256 airplane 0
529 0 555 0 555 25 529 25 airplane 0
512 70 531 70 531 87 512 87 airplane 0
568 58 584 58 584 77 568 77 airplane 0
591 88 599 88 599 105 591 105 airplane 0
577 118 598 118 598 137 577 137 airplane 0
590 189 599 189 599 206.99999999999997 590 206.99999999999997 airplane 0
472 254 488.99999999999994 254 488.99999999999994 279 472 279 airplane 0
577 179 589 179 589 191 577 191 airplane 0
428 214 441 214 441 230.00000000000003 428 230.00000000000003 airplane 0