272 117 287 117 287 134 272 134 airplane 0
86 180 96 180 96 192 86 192 airplane 0
237 202 249 202 249 213 237 213 airplane 0
236 215 250 215 250 229 236 229 airplane 0
229 253 242 253 242 265 229 265 airplane 0
192 251 204.00000000000003 251 204.00000000000003 267 192 267 airplane 0
592 293 599 293 599 303 592 303 airplane 0
593 303 599 303 599 311 593 311 airplane 0
321 305 329 305 329 312.99999999999994 321 312.99999999999994 airplane 0
340 305 349 305 349 315 340 315 airplane 0
415 311 423 311 423 323 415 323 airplane 0
574 306 589 306 589 328 574 328 airplane 0
398 312.99999999999994 405 312.99999999999994 405 323 398 323 airplane 0
359.00000000000006 315 368 315 368 325 359.00000000000006 325 airplane 0
406 318 415 318 415 330 406 330 airplane 0
396 324 404 324 404 337 396 337 airplane 0
497 324 509.00000000000006 324 509.00000000000006 337 497 337 airplane 0
360 329 368 329 368 338 360 338 airplane 0
462 333.00000000000006 472 333.00000000000006 472 338 462 338 airplane 0
477 333.00000000000006 488 333.00000000000006 488 346 477 346 airplane 0
416.99999999999994 335 430 335 430 346 416.99999999999994 346 airplane 0
397 336.00000000000006 408.00000000000006 336.00000000000006 408.00000000000006 348 397 348 airplane 0
459 338.99999999999994 467 338.99999999999994 467 347 459 347 airplane 0
338 340 348 340 348 348 338 348 airplane 0
437.00000000000006 341 445 341 445 349 437.00000000000006 349 airplane 0
315.99999999999994 360 324 360 324 369 315.99999999999994 369 airplane 0
458 502 472 502 472 514 458 514 airplane 0
404 529 418 529 418 541 404 541 airplane 0