304 485 315.99999999999994 485 315.99999999999994 495 304 495 airplane 0
326 491.99999999999994 338 491.99999999999994 338 501 326 501 airplane 0
296 530 309 530 309 539 296 539 airplane 0
334 532 352 532 352 549 334 549 airplane 0
398 533 413 533 413 548 398 548 airplane 0
413.99999999999994 530 430 530 430 551 413.99999999999994 551 airplane 0
409 491.99999999999994 426 491.99999999999994 426 507 409 507 airplane 0
441 494 459 494 459 509.00000000000006 441 509.00000000000006 airplane 0
402 318 418 318 418 335 402 335 airplane 0
422 249 438 249 438 266 422 266 airplane 0
428 216 445 216 445 232 428 232 airplane 0
432 199 448 199 448 215 432 215 airplane 0
465.99999999999994 208 484 208 484 229 465.99999999999994 229 airplane 0
496 223 514 223 514 238 496 238 airplane 0
488.99999999999994 249 505 249 505 271 488.99999999999994 271 airplane 0
472 252 488 252 488 268 472 268 airplane 0
378 237 397 237 397 253 378 253 airplane 0
387 209 407 209 407 226 387 226 airplane 0
390.99999999999994 195 411.00000000000006 195 411.00000000000006 211 390.99999999999994 211 airplane 0
353 177 369 177 369 193 353 193 airplane 0
341.99999999999994 192 366 192 366 206.99999999999997 341.99999999999994 206.99999999999997 airplane 0
337 205 355 205 355 222 337 222 airplane 0
329 219.99999999999997 351 219.99999999999997 351 235 329 235 airplane 0
298 177 319 177 319 193.99999999999997 298 193.99999999999997 airplane 0
303 160 323 160 323 180 303 180 airplane 0
308 147 332 147 332 165 308 165 airplane 0
308 129 333.00000000000006 129 333.00000000000006 147 308 147 airplane 0
312.99999999999994 112 340 112 340 130 312.99999999999994 130 airplane 0
318 98 341.99999999999994 98 341.99999999999994 115.00000000000001 318 115.00000000000001 airplane 0
322 84.00000000000001 346 84.00000000000001 346 99 322 99 airplane 0
327 66 351 66 351 83 327 83 airplane 0
278 165 294 165 294 180 278 180 airplane 0
274 154 289 154 289 168.00000000000003 274 168.00000000000003 airplane 0
265 141 280 141 280 156 265 156 airplane 0
219 204.00000000000003 237 204.00000000000003 237 219.99999999999997 219 219.99999999999997 airplane 0
214 186 232 186 232 202 214 202 airplane 0
205 175 219.99999999999997 175 219.99999999999997 191 205 191 airplane 0
193 162 211 162 211 178 193 178 airplane 0
144 184 165 184 165 199 144 199 airplane 0
152 195 170.99999999999997 195 170.99999999999997 210 152 210 airplane 0
160 208 180 208 180 223 160 223 airplane 0
174 217.00000000000003 191 217.00000000000003 191 232.99999999999997 174 232.99999999999997 airplane 0