541 232.99999999999997 599 232.99999999999997 599 324 541 324 airplane 0
561 321 599 321 599 416 561 416 airplane 0
393 332 448 332 448 380 393 380 airplane 0
576 525 600 525 600 572 576 572 airplane 0
519 519 577 519 577 572 519 572 airplane 0
480 561 533 561 533 599 480 599 airplane 0
166 446 204.00000000000003 446 204.00000000000003 502 166 502 airplane 0
130 344 170 344 170 403 130 403 airplane 0
120 280 155.00000000000003 280 155.00000000000003 328 120 328 airplane 0
98 222 141 222 141 284 98 284 airplane 0
84.00000000000001 172 126 172 126 225 84.00000000000001 225 airplane 0
63 98 109.99999999999999 98 109.99999999999999 159 63 159 airplane 0
165 569 209 569 209 599 165 599 airplane 0
33 468 84.00000000000001 468 84.00000000000001 528 33 528 airplane 0