35 139 54 139 54 159 35 159 airplane 0
7 248 25 248 25 267 7 267 airplane 0
20 274 36 274 36 295 20 295 airplane 0
45 263 66 263 66 281 45 281 airplane 0
73 240 93 240 93 254 73 254 airplane 0
72 217.00000000000003 94 217.00000000000003 94 232 72 232 airplane 0
53 176 73 176 73 195 53 195 airplane 0
133 218 161 218 161 242 133 242 airplane 0
238 162 261 162 261 183 238 183 airplane 0
69 364 98 364 98 382 69 382 airplane 0
554 334 579 334 579 352 554 352 airplane 0
330 170 350 170 350 189 330 189 airplane 0
310.00000000000006 190 333.00000000000006 190 333.00000000000006 208 310.00000000000006 208 airplane 0
446 189 469 189 469 204.00000000000003 446 204.00000000000003 airplane 0
464 204.00000000000003 482 204.00000000000003 482 221 464 221 airplane 0
510 245 534 245 534 270 510 270 airplane 0
493 0 521 0 521 18 493 18 airplane 0
593 25 599 25 599 51.00000000000001 593 51.00000000000001 airplane 0
474 67 495 67 495 86 474 86 airplane 0
535 53 553 53 553 74 535 74 airplane 0
561 87 585 87 585 104 561 104 airplane 0
545 119 568 119 568 140 545 140 airplane 0
560 197 588 197 588 215 560 215 airplane 0
430 269 448 269 448 295 430 295 airplane 0
545 187 559 187 559 199 545 199 airplane 0
382 225 396 225 396 242 382 242 airplane 0