126 202 175 202 175 249 126 249 airplane 0
96.99999999999999 105 122.99999999999999 105 122.99999999999999 132 96.99999999999999 132 airplane 0
51.00000000000001 138 76 138 76 173 51.00000000000001 173 airplane 0
14 88 37 88 37 114 14 114 airplane 0
273 495 289 495 289 517 273 517 airplane 0
296 480 315 480 315 506 296 506 airplane 0
318 540 340 540 340 571 318 571 airplane 0
344 518 371 518 371 558 344 558 airplane 0
368 502 393 502 393 536 368 536 airplane 0
402 578 426 578 426 599 402 599 airplane 0
455 486.00000000000006 486.00000000000006 486.00000000000006 486.00000000000006 521 455 521 airplane 0
186 268 204.00000000000003 268 204.00000000000003 288 186 288 airplane 0
206 256 224 256 224 280 206 280 airplane 0
212 286 234 286 234 310.00000000000006 212 310.00000000000006 airplane 0
232 273 248 273 248 297 232 297 airplane 0
249 362.00000000000006 269 362.00000000000006 269 382 249 382 airplane 0
268 363 284 363 284 383 268 383 airplane 0
323 328 336.00000000000006 328 336.00000000000006 347 323 347 airplane 0
272 351 285 351 285 369 272 369 airplane 0
284 352 299 352 299 372 284 372 airplane 0
302 338 319 338 319 358 302 358 airplane 0
226 325 244 325 244 346 226 346 airplane 0
300 276 314 276 314 299 300 299 airplane 0
245.99999999999997 315 262 315 262 331 245.99999999999997 331 airplane 0
264 304 282 304 282 322 264 322 airplane 0
282 290 297 290 297 310.00000000000006 282 310.00000000000006 airplane 0
241 227 257 227 257 253 241 253 airplane 0
275 399 295 399 295 424 275 424 airplane 0
293 401 308 401 308 423 293 423 airplane 0
309 385.00000000000006 328 385.00000000000006 328 411.00000000000006 309 411.00000000000006 airplane 0
327 376 347 376 347 401 327 401 airplane 0
331 362.00000000000006 349 362.00000000000006 349 383 331 383 airplane 0
349 351 368 351 368 373 349 373 airplane 0