93 93 104 93 104 102.00000000000001 93 102.00000000000001 airplane 0
115.00000000000001 114 126 114 126 127 115.00000000000001 127 airplane 0
145 33 157 33 157 44 145 44 airplane 0
163 32 173 32 173 45 163 45 airplane 0
179 29 191 29 191 44 179 44 airplane 0
197 27 208 27 208 41 197 41 airplane 0
272 12 290 12 290 33 272 33 airplane 0
387.99999999999994 5 398 5 398 18 387.99999999999994 18 airplane 0
405 3 415 3 415 17 405 17 airplane 0
256 128 274 128 274 149 256 149 airplane 0
180 136 198 136 198 157 180 157 airplane 0
81 420 93 420 93 433 81 433 airplane 0
93 386 102.00000000000001 386 102.00000000000001 400 93 400 airplane 0
157.99999999999997 333.00000000000006 176 333.00000000000006 176 354 157.99999999999997 354 airplane 0
219 144 230.00000000000003 144 230.00000000000003 156 219 156 airplane 0
295 159 306 159 306 170 295 170 airplane 0
300 144 312.99999999999994 144 312.99999999999994 156 300 156 airplane 0
390 109.99999999999999 400 109.99999999999999 400 124 390 124 airplane 0
424 105 434.00000000000006 105 434.00000000000006 119 424 119 airplane 0
470 146 483.00000000000006 146 483.00000000000006 161 470 161 airplane 0
478 133 488.99999999999994 133 488.99999999999994 143 478 143 airplane 0
472 103 484 103 484 113 472 113 airplane 0
477 115.00000000000001 490 115.00000000000001 490 128 477 128 airplane 0
498 142 520 142 520 165 498 165 airplane 0
530 116 543 116 543 129 530 129 airplane 0
443 222 470 222 470 257 443 257 airplane 0
484 254 504 254 504 275 484 275 airplane 0
465.99999999999994 299 483.00000000000006 299 483.00000000000006 320 465.99999999999994 320 airplane 0
486.00000000000006 299 505 299 505 320 486.00000000000006 320 airplane 0
455 354 475 354 475 375 455 375 airplane 0
436 360 448 360 448 375 436 375 airplane 0
413 363 430 363 430 385.00000000000006 413 385.00000000000006 airplane 0
397 373 408.00000000000006 373 408.00000000000006 385.00000000000006 397 385.00000000000006 airplane 0
374 359.00000000000006 396 359.00000000000006 396 385.00000000000006 374 385.00000000000006 airplane 0
368 355 381 355 381 364.99999999999994 368 364.99999999999994 airplane 0
324 384 336.00000000000006 384 336.00000000000006 394 324 394 airplane 0
311 352 324 352 324 363 311 363 airplane 0
328 330 338 330 338 340 328 340 airplane 0
327 319 338 319 338 332 327 332 airplane 0
523 451 548 451 548 475 523 475 airplane 0
476 490 493 490 493 503 476 503 airplane 0
485 526 496 526 496 537 485 537 airplane 0
508 578 523 578 523 595 508 595 airplane 0