198 230.00000000000003 243.00000000000003 230.00000000000003 243.00000000000003 270 198 270 airplane 0
415 277 444 277 444 304 415 304 airplane 0
419 245.99999999999997 448 245.99999999999997 448 272 419 272 airplane 0
356 412 382 412 382 445 356 445 airplane 0
315.99999999999994 413.99999999999994 341.99999999999994 413.99999999999994 341.99999999999994 444 315.99999999999994 444 airplane 0
239 421 261 421 261 450 239 450 airplane 0
201 416.99999999999994 226 416.99999999999994 226 446 201 446 airplane 0
174 418 195 418 195 443 174 443 airplane 0
1 338.99999999999994 30 338.99999999999994 30 367 1 367 airplane 0
315.99999999999994 307 351 307 351 330 315.99999999999994 330 airplane 0
315.99999999999994 267 353 267 353 287 315.99999999999994 287 airplane 0