326 176 377 176 377 227 326 227 airplane 0
415 244 469 244 469 293 415 293 airplane 0
554 443 585 443 585 473 554 473 airplane 0
488 443 522 443 522 477 488 477 airplane 0
424 439 455 439 455 474 424 474 airplane 0
354 427 385.00000000000006 427 385.00000000000006 465 354 465 airplane 0
299 435 325 435 325 473 299 473 airplane 0
228 437.00000000000006 255 437.00000000000006 255 478 228 478 airplane 0
156 439.99999999999994 186 439.99999999999994 186 480 156 480 airplane 0
22 156 47 156 47 180 22 180 airplane 0
22 359.00000000000006 47 359.00000000000006 47 385.00000000000006 22 385.00000000000006 airplane 0
17 306 38 306 38 333.00000000000006 17 333.00000000000006 airplane 0
23 216 48 216 48 244 23 244 airplane 0