540 168.00000000000003 565 168.00000000000003 565 189 540 189 airplane 0
565 190 589 190 589 219 565 219 airplane 0
133 263 154 263 154 278 133 278 airplane 0
193.99999999999997 326 219 326 219 353 193.99999999999997 353 airplane 0
253 374 277 374 277 404 253 404 airplane 0
112 433 139 433 139 462 112 462 airplane 0
160 474 189 474 189 500 160 500 airplane 0
189 449 216 449 216 480 189 480 airplane 0
211 424 237 424 237 454 211 454 airplane 0
235 403 260 403 260 430 235 430 airplane 0
280 412 304 412 304 438 280 438 airplane 0
270 433 295 433 295 459 270 459 airplane 0
282 455 306 455 306 482 282 482 airplane 0
250 444 273 444 273 474 250 474 airplane 0
266 470 286 470 286 493 266 493 airplane 0
247 491.99999999999994 271 491.99999999999994 271 522 247 522 airplane 0
224 485 245.99999999999997 485 245.99999999999997 504 224 504 airplane 0
239 471 263 471 263 495 239 495 airplane 0
21.000000000000004 141 44 141 44 170.99999999999997 21.000000000000004 170.99999999999997 airplane 0
98 131 116 131 116 155.00000000000003 98 155.00000000000003 airplane 0
113 104 130 104 130 131 113 131 airplane 0
178 101 197 101 197 126 178 126 airplane 0
162 122.99999999999999 184 122.99999999999999 184 147 162 147 airplane 0
151 147 166 147 166 170.99999999999997 151 170.99999999999997 airplane 0
173 148 192 148 192 168.00000000000003 173 168.00000000000003 airplane 0
134 170 154 170 154 195 134 195 airplane 0
157 168.00000000000003 176 168.00000000000003 176 193 157 193 airplane 0