4 15 25 15 25 40 4 40 airplane 0
47 17 61 17 61 36 47 36 airplane 0
99 1 122 1 122 17 99 17 airplane 0
159 34 172 34 172 47 159 47 airplane 0
185 25 196 25 196 38 185 38 airplane 0
232.99999999999997 42.00000000000001 244 42.00000000000001 244 54 232.99999999999997 54 airplane 0
259 41 270 41 270 54 259 54 airplane 0
413 49 431 49 431 69 413 69 airplane 0
439.99999999999994 48 461 48 461 73 439.99999999999994 73 airplane 0
472 50 490 50 490 71 472 71 airplane 0
513 62 525 62 525 76 513 76 airplane 0
531 63 544 63 544 78 531 78 airplane 0
555 429 573 429 573 447 555 447 airplane 0
563 464 574 464 574 479 563 479 airplane 0
546 462 560 462 560 478 546 478 airplane 0
531 462.99999999999994 543 462.99999999999994 543 477 531 477 airplane 0
525 490 538 490 538 502 525 502 airplane 0
437.00000000000006 415 460.00000000000006 415 460.00000000000006 441 437.00000000000006 441 airplane 0
408.00000000000006 416 428 416 428 438 408.00000000000006 438 airplane 0
379 418 396 418 396 434.00000000000006 379 434.00000000000006 airplane 0
438 477 462.99999999999994 477 462.99999999999994 506 438 506 airplane 0
387 475 410 475 410 498 387 498 airplane 0
361 473 381 473 381 497 361 497 airplane 0
227 450 236 450 236 459 227 459 airplane 0
245 447 256 447 256 459 245 459 airplane 0
242 479 254 479 254 493 242 493 airplane 0
289 491.99999999999994 296 491.99999999999994 296 500 289 500 airplane 0
222 509.00000000000006 234 509.00000000000006 234 525 222 525 airplane 0
187 511 199 511 199 523 187 523 airplane 0
130 420 153 420 153 443 130 443 airplane 0
108 421 128 421 128 442 108 442 airplane 0
77 462 96 462 96 482 77 482 airplane 0
43 473 65 473 65 496 43 496 airplane 0
17 470 40 470 40 491.99999999999994 17 491.99999999999994 airplane 0
2 475 14 475 14 491.99999999999994 2 491.99999999999994 airplane 0
88 249 116 249 116 274 88 274 airplane 0