497 553 518 553 518 578 497 578 airplane 0
238 566 258 566 258 591 238 591 airplane 0
534 143 556 143 556 167 534 167 airplane 0
509.00000000000006 148 527 148 527 169 509.00000000000006 169 airplane 0
357 146 377 146 377 174 357 174 airplane 0
332 153 351 153 351 175 332 175 airplane 0
303 20 318 20 318 32 303 32 airplane 0
533 42.00000000000001 548 42.00000000000001 548 58 533 58 airplane 0
312.99999999999994 82 335 82 335 109.99999999999999 312.99999999999994 109.99999999999999 airplane 0
288 115.00000000000001 312.99999999999994 115.00000000000001 312.99999999999994 139 288 139 airplane 0
278 152 301 152 301 177 278 177 airplane 0
407 146 429 146 429 170 407 170 airplane 0
435 146 454 146 454 167 435 167 airplane 0
382 148 401 148 401 173 382 173 airplane 0
284 502 312.99999999999994 502 312.99999999999994 527 284 527 airplane 0
317 503 343 503 343 527 317 527 airplane 0
420 498 439 498 439 522 420 522 airplane 0
491.99999999999994 497 512 497 512 520 491.99999999999994 520 airplane 0
469 499 488.99999999999994 499 488.99999999999994 520 469 520 airplane 0
442 498 465.99999999999994 498 465.99999999999994 523 442 523 airplane 0
237 502 259 502 259 530 237 530 airplane 0
214 507 235 507 235 527 214 527 airplane 0
189 506 210 506 210 530 189 530 airplane 0
235 161 245.99999999999997 161 245.99999999999997 176 235 176 airplane 0
210 157.99999999999997 224 157.99999999999997 224 173 210 173 airplane 0
109 165 122 165 122 177 109 177 airplane 0
397 80 415 80 415 101 397 101 airplane 0
458 149 477 149 477 170 458 170 airplane 0
140 234 156 234 156 249 140 249 airplane 0
373 499 390.99999999999994 499 390.99999999999994 520 373 520 airplane 0
18 439 31 439 31 452 18 452 airplane 0
590 477 599 477 599 495 590 495 airplane 0
570 500 584 500 584 514 570 514 airplane 0
478 439 491 439 491 458 478 458 airplane 0
459 445 469 445 469 457 459 457 airplane 0
538 441 547 441 547 455 538 455 airplane 0
537 531 551 531 551 545 537 545 airplane 0
448 558 462.99999999999994 558 462.99999999999994 573 448 573 airplane 0
83 481 99 481 99 493 83 493 airplane 0
1 92 9 92 9 109 1 109 airplane 0
25 92 34 92 34 107 25 107 airplane 0
46 93 58 93 58 108 46 108 airplane 0
109.99999999999999 213 119 213 119 229 109.99999999999999 229 airplane 0
44 507 54.99999999999999 507 54.99999999999999 523 44 523 airplane 0
204.00000000000003 451 218 451 218 462 204.00000000000003 462 airplane 0
184 160 193.99999999999997 160 193.99999999999997 174 184 174 airplane 0
159 165 170.99999999999997 165 170.99999999999997 177 159 177 airplane 0
95 514 107 514 107 528 95 528 airplane 0
83 454 99 454 99 465.99999999999994 83 465.99999999999994 airplane 0
121 453 131 453 131 468 121 468 airplane 0
106 451 116 451 116 462.99999999999994 106 462.99999999999994 airplane 0