27 320 45 320 45 344 27 344 airplane 0
15 361 36 361 36 379 15 379 airplane 0
21.000000000000004 384 36 384 36 400 21.000000000000004 400 airplane 0
259 307 274 307 274 321 259 321 airplane 0
228 336.00000000000006 247 336.00000000000006 247 354 228 354 airplane 0
178 282 196 282 196 301 178 301 airplane 0
197 278 214 278 214 297 197 297 airplane 0
231 300 248 300 248 315.99999999999994 231 315.99999999999994 airplane 0
4 387 18 387 18 399 4 399 airplane 0
347 296 360 296 360 309 347 309 airplane 0
371 296 384 296 384 307 371 307 airplane 0
552 217.00000000000003 569 217.00000000000003 569 241 552 241 airplane 0
587 206 599 206 599 241 587 241 airplane 0
0 364 5 364 5 382 0 382 airplane 0