22 338 59 338 59 380 22 380 airplane 0
117 164 142 164 142 196 117 196 airplane 0
112 479 136 479 136 501 112 501 airplane 0
175 464 200 464 200 488.99999999999994 175 488.99999999999994 airplane 0
200 452 227 452 227 479 200 479 airplane 0
281 443 311 443 311 471 281 471 airplane 0
384 436 413.99999999999994 436 413.99999999999994 462.99999999999994 384 462.99999999999994 airplane 0
397 501 435 501 435 533 397 533 airplane 0
535 382 556 382 556 411.00000000000006 535 411.00000000000006 airplane 0
497 321 520 321 520 344 497 344 airplane 0
443 138 470 138 470 161 443 161 airplane 0
477 64 497 64 497 89 477 89 airplane 0
501 108 531 108 531 135 501 135 airplane 0
413.99999999999994 7 439.99999999999994 7 439.99999999999994 31 413.99999999999994 31 airplane 0
462 31 491.99999999999994 31 491.99999999999994 60 462 60 airplane 0
545 8 570 8 570 30 545 30 airplane 0