413 86 451 86 451 126 413 126 airplane 0
378 139 401 139 401 168.00000000000003 378 168.00000000000003 airplane 0
356 146 374 146 374 172 356 172 airplane 0
416 225 437.00000000000006 225 437.00000000000006 253 416 253 airplane 0
378 234 402 234 402 262 378 262 airplane 0
582 241 600 241 600 269 582 269 airplane 0
343 242 367 242 367 270 343 270 airplane 0
460.00000000000006 297 499 297 499 337 460.00000000000006 337 airplane 0
398 328 422 328 422 354 398 354 airplane 0
373 334 396 334 396 358 373 358 airplane 0
315.99999999999994 0 347 0 347 11 315.99999999999994 11 airplane 0
360 472 384 472 384 499 360 499 airplane 0
494 471 520 471 520 503 494 503 airplane 0
413.99999999999994 0 439 0 439 28 413.99999999999994 28 airplane 0
516 520 549 520 549 545 516 545 airplane 0
390.99999999999994 2 413 2 413 30 390.99999999999994 30 airplane 0
462.99999999999994 583 487 583 487 599 462.99999999999994 599 airplane 0
364.99999999999994 8 387.99999999999994 8 387.99999999999994 35 364.99999999999994 35 airplane 0
289 24 312.99999999999994 24 312.99999999999994 57 289 57 airplane 0