584 182 599 182 599 219 584 219 airplane 0
454 430 487 430 487 458 454 458 airplane 0
451 360 480 360 480 399 451 399 airplane 0
341.99999999999994 287 380 287 380 318 341.99999999999994 318 airplane 0
336.00000000000006 239 370 239 370 277 336.00000000000006 277 airplane 0
276 234 302 234 302 267 276 267 airplane 0
298 361 328 361 328 393 298 393 airplane 0
217.00000000000003 243.00000000000003 243.00000000000003 243.00000000000003 243.00000000000003 275 217.00000000000003 275 airplane 0
151 267 181.00000000000003 267 181.00000000000003 296 151 296 airplane 0
165 351 198 351 198 382 165 382 airplane 0
160 400 189 400 189 428 160 428 airplane 0
125 511 152 511 152 541 125 541 airplane 0
78.99999999999999 423 109 423 109 461 78.99999999999999 461 airplane 0
15 380 51.00000000000001 380 51.00000000000001 408.00000000000006 15 408.00000000000006 airplane 0
1 268 32 268 32 298 1 298 airplane 0