423 468 442 468 442 490 423 490 airplane 0
444 467 462 467 462 488.99999999999994 444 488.99999999999994 airplane 0
54.99999999999999 450 67 450 67 462 54.99999999999999 462 airplane 0
355 446 372 446 372 464 355 464 airplane 0
356 426 371 426 371 443 356 443 airplane 0
24 423 32 423 32 430 24 430 airplane 0
275 323 284 323 284 334 275 334 airplane 0
286 321 295 321 295 332 286 332 airplane 0
320 319 330 319 330 334 320 334 airplane 0
386 321 393 321 393 330 386 330 airplane 0
480 320 490 320 490 329 480 329 airplane 0
358 299 366 299 366 308 358 308 airplane 0
335 276 344 276 344 286 335 286 airplane 0
527 269 541 269 541 287 527 287 airplane 0
449 268 467 268 467 286 449 286 airplane 0
406 248 427 248 427 265 406 265 airplane 0
136 98 152 98 152 117 136 117 airplane 0
115.00000000000001 95 134 95 134 119 115.00000000000001 119 airplane 0
180 56 193.99999999999997 56 193.99999999999997 75 180 75 airplane 0
147 52 157.99999999999997 52 157.99999999999997 69 147 69 airplane 0