153 183 180 183 180 212 153 212 airplane 0
61 258 78 258 78 275 61 275 airplane 0
457 335 470 335 470 351 457 351 airplane 0
155.00000000000003 276 172 276 172 291 155.00000000000003 291 airplane 0
161 291 176 291 176 308 161 308 airplane 0
127 288 137 288 137 300 127 300 airplane 0
131 300 147 300 147 318 131 318 airplane 0
77 285 93 285 93 301 77 301 airplane 0
60 290 73 290 73 306 60 306 airplane 0
438 464 454 464 454 477 438 477 airplane 0
426 444 439.99999999999994 444 439.99999999999994 456 426 456 airplane 0
425 458 438 458 438 468 425 468 airplane 0
415 448 429 448 429 460.00000000000006 415 460.00000000000006 airplane 0
405 435 419 435 419 449 405 449 airplane 0