573 267 590 267 590 282 573 282 airplane 0
570 263 580 263 580 273 570 273 airplane 0
541 270 564 270 564 285 541 285 airplane 0
555 260 569 260 569 272 555 272 airplane 0
570 251 584 251 584 263 570 263 airplane 0
552 245 571 245 571 260 552 260 airplane 0
511 262 528 262 528 278 511 278 airplane 0
560 212 577 212 577 234 560 234 airplane 0
545 212 560 212 560 232.99999999999997 545 232.99999999999997 airplane 0
531 217.00000000000003 544 217.00000000000003 544 239 531 239 airplane 0
514 216 530 216 530 236 514 236 airplane 0
500 210 517 210 517 230.00000000000003 500 230.00000000000003 airplane 0
483.00000000000006 206.99999999999997 500 206.99999999999997 500 229 483.00000000000006 229 airplane 0
449 161 478 161 478 176 449 176 airplane 0
456 138 479 138 479 159 456 159 airplane 0
431 164 439 164 439 175 431 175 airplane 0
413.99999999999994 161 424 161 424 173 413.99999999999994 173 airplane 0
442 150 453 150 453 157.99999999999997 442 157.99999999999997 airplane 0
433 147 443 147 443 156 433 156 airplane 0
418 145 432 145 432 154 418 154 airplane 0
409 248 433 248 433 268 409 268 airplane 0
385.00000000000006 247 402 247 402 270 385.00000000000006 270 airplane 0
371 201 384 201 384 215 371 215 airplane 0
325 245 358 245 358 276 325 276 airplane 0
267 235 292 235 292 257 267 257 airplane 0
243.00000000000003 172 267 172 267 202 243.00000000000003 202 airplane 0
206 236 223 236 223 253 206 253 airplane 0
173 231 192 231 192 253 173 253 airplane 0
187 268 200 268 200 284 187 284 airplane 0
165 267 186 267 186 285 165 285 airplane 0
143 251 172 251 172 273 143 273 airplane 0
160 170.99999999999997 175 170.99999999999997 175 190 160 190 airplane 0
141 168.00000000000003 157 168.00000000000003 157 188 141 188 airplane 0
105 162 121 162 121 183 105 183 airplane 0
68 159 86 159 86 179 68 179 airplane 0
88 106 122.99999999999999 106 122.99999999999999 143 88 143 airplane 0