331 453 352 453 352 474 331 474 airplane 0
218 474 237 474 237 496 218 496 airplane 0
201 449 221 449 221 471 201 471 airplane 0
325 364.99999999999994 354 364.99999999999994 354 405 325 405 airplane 0
287 351 317 351 317 394 287 394 airplane 0
451 379 473 379 473 408.00000000000006 451 408.00000000000006 airplane 0
427 362.00000000000006 449 362.00000000000006 449 383 427 383 airplane 0
416 338.99999999999994 448 338.99999999999994 448 360 416 360 airplane 0
480 374 505 374 505 396 480 396 airplane 0
491 350 516 350 516 374 491 374 airplane 0
531 336.00000000000006 556 336.00000000000006 556 359.00000000000006 531 359.00000000000006 airplane 0
548 315.99999999999994 574 315.99999999999994 574 338 548 338 airplane 0
541 262 566 262 566 286 541 286 airplane 0
542 213 568 213 568 234 542 234 airplane 0
559 148 594 148 594 172 559 172 airplane 0
545 122.99999999999999 578 122.99999999999999 578 148 545 148 airplane 0
555 60 578 60 578 82 555 82 airplane 0
412 130 459 130 459 164 412 164 airplane 0
413 168.00000000000003 460.00000000000006 168.00000000000003 460.00000000000006 201 413 201 airplane 0
420 89 469 89 469 127 420 127 airplane 0
419 281 453 281 453 308 419 308 airplane 0
295 82 347 82 347 140 295 140 airplane 0
327 223 376 223 376 260 327 260 airplane 0
247 239 281 239 281 274 247 274 airplane 0
172 186 205 186 205 224 172 224 airplane 0
122 115.00000000000001 178 115.00000000000001 178 181.00000000000003 122 181.00000000000003 airplane 0
198 11 245.99999999999997 11 245.99999999999997 49 198 49 airplane 0
78.99999999999999 145 117 145 117 186 78.99999999999999 186 airplane 0