369 244 399 244 399 275 369 275 airplane 0
288 174 314 174 314 205 288 205 airplane 0
257 151 288 151 288 182 257 182 airplane 0
122.99999999999999 30 154 30 154 63 122.99999999999999 63 airplane 0
80 74 112 74 112 105 80 105 airplane 0
72 142 117 142 117 193 72 193 airplane 0
37 132 67 132 67 162 37 162 airplane 0
114 196 144 196 144 228 114 228 airplane 0
93 6 125 6 125 37 93 37 airplane 0
65 0 95 0 95 15 65 15 airplane 0
200 272 232 272 232 303 200 303 airplane 0
237 299 265 299 265 330 237 330 airplane 0
270 325 301 325 301 363 270 363 airplane 0
306 361 332 361 332 393 306 393 airplane 0
341.99999999999994 389 370 389 370 424 341.99999999999994 424 airplane 0
500 373 530 373 530 407 500 407 airplane 0
530 399 561 399 561 433 530 433 airplane 0
558 426 586 426 586 457 558 457 airplane 0