394 292 420 292 420 319 394 319 airplane 0
323 354 346 354 346 381 323 381 airplane 0
296 374 323 374 323 401 296 401 airplane 0
178 478 205 478 205 507 178 507 airplane 0
140 441 168.00000000000003 441 168.00000000000003 468 140 468 airplane 0
133 364 172 364 172 409 133 409 airplane 0
103 390.99999999999994 129 390.99999999999994 129 416.99999999999994 103 416.99999999999994 airplane 0
170.99999999999997 334 197 334 197 362.00000000000006 170.99999999999997 362.00000000000006 airplane 0
152 501 180 501 180 528 152 528 airplane 0
129 522 153 522 153 548 129 548 airplane 0
103 545 127 545 127 568 103 568 airplane 0
77 564 103 564 103 591 77 591 airplane 0
245.99999999999997 268 274 268 274 295 245.99999999999997 295 airplane 0
278 244 303 244 303 271 278 271 airplane 0
308 214 335 214 335 248 308 248 airplane 0
338.99999999999994 189 362.00000000000006 189 362.00000000000006 217.00000000000003 338.99999999999994 217.00000000000003 airplane 0
370 161 395 161 395 191 370 191 airplane 0
509.00000000000006 176 535 176 535 206 509.00000000000006 206 airplane 0
536 153 563 153 563 183 536 183 airplane 0
561 132 585 132 585 159 561 159 airplane 0