122 199 166 199 166 241 122 241 airplane 0
190 198 231 198 231 240 190 240 airplane 0
0 249 30 249 30 282 0 282 airplane 0
82 250 116 250 116 277 82 277 airplane 0
44 202 74 202 74 235 44 235 airplane 0
266 197 308 197 308 239 266 239 airplane 0
333.00000000000006 198 371 198 371 237 333.00000000000006 237 airplane 0
494 280 532 280 532 319 494 319 airplane 0
591 255 599 255 599 288 591 288 airplane 0
413 373 435 373 435 405 413 405 airplane 0
429 359.00000000000006 456 359.00000000000006 456 385.00000000000006 429 385.00000000000006 airplane 0
450 376 474 376 474 402 450 402 airplane 0
460.00000000000006 300 484 300 484 325 460.00000000000006 325 airplane 0
504 367 532 367 532 396 504 396 airplane 0
390 582 413 582 413 600 390 600 airplane 0
413.99999999999994 574 441 574 441 599 413.99999999999994 599 airplane 0
373 488 397 488 397 515 373 515 airplane 0
456 481 479 481 479 508 456 508 airplane 0
507 526 538 526 538 556 507 556 airplane 0
486.00000000000006 495 509.00000000000006 495 509.00000000000006 517 486.00000000000006 517 airplane 0
445 571 467 571 467 598 445 598 airplane 0