162 406 189 406 189 428 162 428 airplane 0
183 448 209 448 209 471 183 471 airplane 0
46 539 83 539 83 581 46 581 airplane 0
0 315 21.000000000000004 315 21.000000000000004 346 0 346 airplane 0
32 322 54.99999999999999 322 54.99999999999999 348 32 348 airplane 0
63 332 89 332 89 360 63 360 airplane 0
120 239 143 239 143 262 120 262 airplane 0
58 218 80 218 80 241 58 241 airplane 0
19 204.00000000000003 40 204.00000000000003 40 234 19 234 airplane 0
75 481 101 481 101 503 75 503 airplane 0
61 510 100 510 100 542 61 542 airplane 0