439.99999999999994 283 459 283 459 309 439.99999999999994 309 airplane 0
416.99999999999994 289 433 289 433 312.99999999999994 416.99999999999994 312.99999999999994 airplane 0
392 296 411.00000000000006 296 411.00000000000006 322 392 322 airplane 0
370 304 390 304 390 331 370 331 airplane 0
213 240 232.99999999999997 240 232.99999999999997 265 213 265 airplane 0
337 315.99999999999994 354 315.99999999999994 354 335 337 335 airplane 0
309 356 329 356 329 373 309 373 airplane 0
274 390 292 390 292 413 274 413 airplane 0
249 403 266 403 266 425 249 425 airplane 0
224 409 241 409 241 432 224 432 airplane 0
169 215 188 215 188 239 169 239 airplane 0
153 202 173 202 173 224 153 224 airplane 0
271 419 291 419 291 438 271 438 airplane 0
229 431 251 431 251 451 229 451 airplane 0
193.99999999999997 373 206 373 206 390 193.99999999999997 390 airplane 0
254 425 272 425 272 442 254 442 airplane 0
27 247 46 247 46 264 27 264 airplane 0