269 181.00000000000003 306 181.00000000000003 306 221 269 221 airplane 0
218 183 261 183 261 221 218 221 airplane 0
177 187 219.99999999999997 187 219.99999999999997 228 177 228 airplane 0
151 190 177 190 177 221 151 221 airplane 0
112 211 150 211 150 245.99999999999997 112 245.99999999999997 airplane 0
430 84.00000000000001 454 84.00000000000001 454 102.00000000000001 430 102.00000000000001 airplane 0
361 87 385.00000000000006 87 385.00000000000006 102.00000000000001 361 102.00000000000001 airplane 0
297 93 318 93 318 106 297 106 airplane 0
81 419 120 419 120 449 81 449 airplane 0
111 344 156 344 156 379 111 379 airplane 0
106 250 150 250 150 286 106 286 airplane 0
109.99999999999999 292 160 292 160 328 109.99999999999999 328 airplane 0