304 384 325 384 325 408.00000000000006 304 408.00000000000006 airplane 0
341.99999999999994 416.99999999999994 362.00000000000006 416.99999999999994 362.00000000000006 438 341.99999999999994 438 airplane 0
399 467 415 467 415 478 399 478 airplane 0
249 337 266 337 266 357 249 357 airplane 0
286 374 299 374 299 387 286 387 airplane 0
390 432 402 432 402 442 390 442 airplane 0
413 445 423 445 423 456 413 456 airplane 0
188 290 200 290 200 300 188 300 airplane 0
382 479 393 479 393 491 382 491 airplane 0
188 310.00000000000006 199 310.00000000000006 199 320 188 320 airplane 0
234 298 243.00000000000003 298 243.00000000000003 307 234 307 airplane 0
290 354 302 354 302 364.99999999999994 290 364.99999999999994 airplane 0
348 400 358 400 358 411.00000000000006 348 411.00000000000006 airplane 0