222 42.00000000000001 245 42.00000000000001 245 61 222 61 airplane 0
11 170 30 170 30 184 11 184 airplane 0
9 358 25 358 25 371 9 371 airplane 0
150 578 180 578 180 599 150 599 airplane 0
159 557 192 557 192 578 159 578 airplane 0
169 485 196 485 196 510 169 510 airplane 0
222 465.99999999999994 247 465.99999999999994 247 493 222 493 airplane 0
270 470 293 470 293 493 270 493 airplane 0
236 416 254 416 254 438 236 438 airplane 0
191 354 219 354 219 376 191 376 airplane 0
209 295 232 295 232 315.99999999999994 209 315.99999999999994 airplane 0
311 281 334 281 334 300 311 300 airplane 0
338.99999999999994 307 380 307 380 350 338.99999999999994 350 airplane 0
312.99999999999994 259 340 259 340 280 312.99999999999994 280 airplane 0
311 225 348 225 348 257 311 257 airplane 0
245.99999999999997 222 268 222 268 245 245.99999999999997 245 airplane 0
227 157 252 157 252 177 227 177 airplane 0
333.00000000000006 70 367 70 367 102.00000000000001 333.00000000000006 102.00000000000001 airplane 0
297 57 322 57 322 75 297 75 airplane 0
247 46 261 46 261 62 247 62 airplane 0
271 53 293 53 293 74 271 74 airplane 0
369 477 383 477 383 494 369 494 airplane 0