146 108 170.99999999999997 108 170.99999999999997 131 146 131 airplane 0
215 124 240 124 240 148 215 148 airplane 0
191 147 213 147 213 168.00000000000003 191 168.00000000000003 airplane 0
251 144 273 144 273 166 251 166 airplane 0
222 212 244 212 244 234 222 234 airplane 0
205 168.00000000000003 222 168.00000000000003 222 187 205 187 airplane 0
259 195 285 195 285 222 259 222 airplane 0
279 239 298 239 298 255 279 255 airplane 0
311 366 336.00000000000006 366 336.00000000000006 393 311 393 airplane 0
295 439 310.00000000000006 439 310.00000000000006 453 295 453 airplane 0
274 493 297 493 297 518 274 518 airplane 0
309 495 332 495 332 519 309 519 airplane 0
282 518 309 518 309 541 282 541 airplane 0
12 530 28 530 28 546 12 546 airplane 0
21.000000000000004 574 39 574 39 595 21.000000000000004 595 airplane 0
81 284 101 284 101 300 81 300 airplane 0