0 1032.69 566.078 954.655 570.168 945.601 397.401 1023.64 393.311
0 400.42 151.245 312.577 255.933 -56.1152 -53.4369 31.7279 -158.124
0 1096.77 635.3 1101.33 722.131 917.244 731.778 912.694 644.947
0 424.373 -76.6782 515.629 -37.9424 434.795 152.491 343.539 113.756
0 387.824 380.57 387.824 672.95 -59.5525 672.95 -59.5525 380.57
0 1073.84 394.055 971.459 395.842 964.172 -21.6178 1066.55 -23.4049
0 579.989 430.503 550.615 462.003 509.107 423.296 538.481 391.796
0 583.066 422.887 537.627 475.159 485.397 429.757 530.836 377.485
0 626.3 473.403 589.468 511.543 462.399 388.834 499.23 350.694
0 605.073 477.006 567.639 515.771 439.885 392.401 477.32 353.636
